0.0,0.0,0.0,0.0,0.0,0.0,0.0,0.0,0.0,-0.0,0.0,-0.0,0.0,0.0,0.0,0.0,-0.0,0.0,-0.0,0.0,0.0,0.0,0.0,0.0,0.0,0.0,0.0,0.0,0.0,0.0,0.0,0,0,0,0
0.0,0.0,0.0,0.0,0.0,1.9048358808504418e-05,0.0,-0.00027250542188994586,3.1739000405650586e-05,-0.0,0.0,0.00019363699539098889,0.0,0.0,0.0,0.0,-0.0,0.0,-0.0,0.0,0.0,8.791551226750016e-05,0.0,0.0002930517075583339,0.0002930517075583339,0.0002930517075583339,0.0,0.0,0.0,0.0,0.0,0,0,0,0
0.0,0.0,0.0,0.0,0.0,7.58105525164865e-05,0.0,-0.0010845441138371825,0.0001263180311070755,-0.0,0.0,0.0007706558099016547,0.0,0.0,0.0,0.0,-0.0,0.0,-0.0,0.0,0.0,0.0003498949226923287,0.0,0.0011663163313642144,0.0011663163313642144,0.0011663163313642144,0.0,0.0,0.0,0.0,0.0,0,0,0,0
0.0,0.0,0.0,0.0,0.0,0.00016971224977169186,0.0,-0.002427899744361639,0.0002827801217790693,-0.0,0.0,0.001725217909552157,0.0,0.0,0.0,0.0,-0.0,0.0,-0.0,0.0,0.0,0.0007832873961888254,0.0,0.0026109577156603336,0.0026109577156603336,0.0026109577156603336,0.0,0.0,0.0,0.0,0.0,0,0,0,0
0.0,0.0,0.0,0.0,0.0,0.00030017917742952704,0.0,-0.004294356796890497,0.0005001683603040874,-0.0,0.0,0.0030514856334775686,0.0,0.0,0.0,0.0,-0.0,0.0,-0.0,0.0,0.0,0.0013854424469172955,0.0,0.004618141334503889,0.004618141334503889,0.004618141334503889,0.0,0.0,0.0,0.0,0.0,0,0,0,0
0.0,0.0,0.0,0.0,0.0,0.00046663693501614034,0.0,-0.006675697863101959,0.0007775258272886276,-0.0,0.0,0.004743620287626982,0.0,0.0,0.0,0.0,-0.0,0.0,-0.0,0.0,0.0,0.0021537092979997396,0.0,0.00717903021723032,0.00717903021723032,0.00717903021723032,0.0,0.0,0.0,0.0,0.0,0,0,0,0
0.0,0.0,0.0,0.0,0.0,0.0006685112020932138,0.0,-0.009563706815242767,0.0011138953268527985,-0.0,0.0,0.006795782130211592,0.0,0.0,0.0,0.0,-0.0,0.0,-0.0,0.0,0.0,0.0030854365322738886,0.0,0.010284787975251675,0.010284787975251675,0.010284787975251675,0.0,0.0,0.0,0.0,0.0,0,0,0,0
0.0,0.0,0.0,0.0,0.0,0.0009052277309820056,0.0,-0.012950168922543526,0.001508320216089487,-0.0,0.0,0.009202135726809502,0.0,0.0,0.0,0.0,-0.0,0.0,-0.0,0.0,0.0,0.004177974537014961,0.0,0.013926580548286438,0.013926580548286438,0.013926580548286438,0.0,0.0,0.0,0.0,0.0,0,0,0,0
0.0,0.0,0.0,0.0,0.0,0.001176212215796113,0.0,-0.016826866194605827,0.0019598433282226324,-0.0,0.0,0.011956841684877872,0.0,0.0,0.0,0.0,-0.0,0.0,-0.0,0.0,0.0,0.005428672768175602,0.0,0.018095575273036957,0.018095575273036957,0.018095575273036957,0.0,0.0,0.0,0.0,0.0,0,0,0,0
0.0,0.0,0.0,0.0,0.0,0.0014808903215453029,0.0,-0.021185586228966713,0.0024675079621374607,-0.0,0.0,0.015054061077535152,0.0,0.0,0.0,0.0,-0.0,0.0,-0.0,0.0,0.0,0.0068348790518939495,0.0,0.022782929241657257,0.022782929241657257,0.022782929241657257,0.0,0.0,0.0,0.0,0.0,0,0,0,0
0.0,0.0,0.0,0.0,0.0,0.0018186873057857156,0.0,-0.02601810172200203,0.0030303564853966236,-0.0,0.0,0.018487952649593353,0.0,0.0,0.0,0.0,-0.0,0.0,-0.0,0.0,0.0,0.008393941447138786,0.0,0.027979806065559387,0.027979806065559387,0.027979806065559387,0.0,0.0,0.0,0.0,0.0,0,0,0,0
0.0,0.0,0.0,0.0,0.0,0.002189029473811388,0.0,-0.031316209584474564,0.0036474326625466347,-0.0,0.0,0.022252684459090233,0.0,0.0,0.0,0.0,-0.0,0.0,-0.0,0.0,0.0,0.010103214532136917,0.0,0.03367738053202629,0.03367738053202629,0.03367738053202629,0.0,0.0,0.0,0.0,0.0,0,0,0,0
0.0,0.0,0.0,0.0,0.0,0.002591342432424426,0.0,-0.03707168623805046,0.0043177795596420765,-0.0,0.0,0.02634241431951523,0.0,0.0,0.0,0.0,-0.0,0.0,-0.0,0.0,0.0,0.011960042640566826,0.0,0.03986680507659912,0.03986680507659912,0.03986680507659912,0.0,0.0,0.0,0.0,0.0,0,0,0,0
0.0,0.0,0.0,0.0,0.0,0.0030250519048422575,0.0,-0.04327632859349251,0.005040440708398819,-0.0,0.0,0.030751310288906097,0.0,0.0,0.0,0.0,-0.0,0.0,-0.0,0.0,0.0,0.013961778953671455,0.0,0.04653926193714142,0.04653926193714142,0.04653926193714142,0.0,0.0,0.0,0.0,0.0,0,0,0,0
0.0,0.0,0.0,0.0,0.0,0.0034895825665444136,0.0,-0.04992189258337021,0.0058144573122262955,-0.0,0.0,0.03547351807355881,0.0,0.0,0.0,0.0,-0.0,0.0,-0.0,0.0,0.0,0.016105767339468002,0.0,0.05368588864803314,0.05368588864803314,0.05368588864803314,0.0,0.0,0.0,0.0,0.0,0,0,0,0
0.0,0.0,0.0,0.0,0.0,0.003984361421316862,0.0,-0.057000186294317245,0.006638873368501663,-0.0,0.0,0.04050321504473686,0.0,0.0,0.0,0.0,-0.0,0.0,-0.0,0.0,0.0,0.01838936097919941,0.0,0.06129787117242813,0.06129787117242813,0.06129787117242813,0.0,0.0,0.0,0.0,0.0,0,0,0,0
0.0,0.0,0.0,0.0,0.0,0.004508813377469778,0.0,-0.06450299173593521,0.007512732874602079,-0.0,0.0,0.045834559947252274,0.0,0.0,0.0,0.0,-0.0,0.0,-0.0,0.0,0.0,0.02080991119146347,0.0,0.06936637312173843,0.06936637312173843,0.06936637312173843,0.0,0.0,0.0,0.0,0.0,0,0,0,0
0.0,0.0,0.0,0.0,0.0,0.005062364041805267,0.0,-0.0724220722913742,0.008435077965259552,-0.0,0.0,0.051461704075336456,0.0,0.0,0.0,0.0,-0.0,0.0,-0.0,0.0,0.0,0.023364758118987083,0.0,0.07788252830505371,0.07788252830505371,0.07788252830505371,0.0,0.0,0.0,0.0,0.0,0,0,0,0
0.0,0.0,0.0,0.0,0.0,0.005644440650939941,0.0,-0.08074925094842911,0.009404951706528664,-0.0,0.0,0.05737882852554321,0.0,0.0,0.0,0.0,-0.0,0.0,-0.0,0.0,0.0,0.026051267981529236,0.0,0.08683755248785019,0.08683755248785019,0.08683755248785019,0.0,0.0,0.0,0.0,0.0,0,0,0,0
0.0,0.0,0.0,0.0,0.0,0.006254466716200113,0.0,-0.08947625756263733,0.010421397164463997,-0.0,0.0,0.06358008086681366,0.0,0.0,0.0,0.0,-0.0,0.0,-0.0,0.0,0.0,0.02886676788330078,0.0,0.09622256457805634,0.09622256457805634,0.09622256457805634,0.0,0.0,0.0,0.0,0.0,0,0,0,0
0.0,0.0,0.0,0.0,0.0,0.006891867611557245,0.0,-0.09859491139650345,0.011483456939458847,-0.0,0.0,0.07005960494279861,0.0,0.0,0.0,0.0,-0.0,0.0,-0.0,0.0,0.0,0.03180862218141556,0.0,0.1060287356376648,0.1060287356376648,0.1060287356376648,0.0,0.0,0.0,0.0,0.0,0,0,0,0
0.0,0.0,0.0,0.0,0.0,0.007556072436273098,0.0,-0.10809700191020966,0.012590175494551659,-0.0,0.0,0.07681161165237427,0.0,0.0,0.0,0.0,-0.0,0.0,-0.0,0.0,0.0,0.03487418219447136,0.0,0.1162472665309906,0.1162472665309906,0.1162472665309906,0.0,0.0,0.0,0.0,0.0,0,0,0,0
0.0,0.0,0.0,0.0,0.0,0.00824650190770626,0.0,-0.11797428876161575,0.013740593567490578,-0.0,0.0,0.08383021503686905,0.0,0.0,0.0,0.0,-0.0,0.0,-0.0,0.0,0.0,0.038060788065195084,0.0,0.1268692910671234,0.1268692910671234,0.1268692910671234,0.0,0.0,0.0,0.0,0.0,0,0,0,0
0.0,0.0,0.0,0.0,0.0,0.00896258745342493,0.0,-0.12821859121322632,0.014933757483959198,-0.0,0.0,0.09110961854457855,0.0,0.0,0.0,0.0,-0.0,0.0,-0.0,0.0,0.0,0.041365791112184525,0.0,0.13788597285747528,0.13788597285747528,0.13788597285747528,0.0,0.0,0.0,0.0,0.0,0,0,0,0
0.0,0.0,0.0,0.0,0.0,0.009703749790787697,0.0,-0.13882163166999817,0.016168706119060516,-0.0,0.0,0.09864393621683121,0.0,0.0,0.0,0.0,-0.0,0.0,-0.0,0.0,0.0,0.044786542654037476,0.0,0.14928846061229706,0.14928846061229706,0.14928846061229706,0.0,0.0,0.0,0.0,0.0,0,0,0,0
0.0,0.0,0.0,0.0,0.0,0.01046941801905632,0.0,-0.14977526664733887,0.017444487661123276,-0.0,0.0,0.10642737150192261,0.0,0.0,0.0,0.0,-0.0,0.0,-0.0,0.0,0.0,0.04832039400935173,0.0,0.16106799244880676,0.16106799244880676,0.16106799244880676,0.0,0.0,0.0,0.0,0.0,0,0,0,0
0.0,0.0,0.0,0.0,0.0,0.011259014718234539,0.0,-0.16107121109962463,0.018760140985250473,-0.0,0.0,0.11445404589176178,0.0,0.0,0.0,0.0,-0.0,0.0,-0.0,0.0,0.0,0.05196468532085419,0.0,0.1732156127691269,0.1732156127691269,0.1732156127691269,0.0,0.0,0.0,0.0,0.0,0,0,0,0
0.0,0.0,0.0,0.0,0.0,0.01207196805626154,0.0,-0.17270132899284363,0.020114710554480553,-0.0,0.0,0.12271817773580551,0.0,0.0,0.0,0.0,-0.0,0.0,-0.0,0.0,0.0,0.05571678280830383,0.0,0.18572260439395905,0.18572260439395905,0.18572260439395905,0.0,0.0,0.0,0.0,0.0,0,0,0,0
0.0,0.0,0.0,0.0,0.0,0.01290770061314106,0.0,-0.1846572905778885,0.02150723524391651,-0.0,0.0,0.13121384382247925,0.0,0.0,0.0,0.0,-0.0,0.0,-0.0,0.0,0.0,0.05957401543855667,0.0,0.19858002662658691,0.19858002662658691,0.19858002662658691,0.0,0.0,0.0,0.0,0.0,0,0,0,0
0.0,0.0,0.0,0.0,0.0,0.013765644282102585,0.0,-0.19693100452423096,0.02293676696717739,-0.0,0.0,0.13993529975414276,0.0,0.0,0.0,0.0,-0.0,0.0,-0.0,0.0,0.0,0.06353374570608139,0.0,0.2117791473865509,0.2117791473865509,0.2117791473865509,0.0,0.0,0.0,0.0,0.0,0,0,0,0
0.0,0.0,0.0,0.0,0.0,0.014645220711827278,0.0,-0.20951420068740845,0.024402344599366188,-0.0,0.0,0.14887668192386627,0.0,0.0,0.0,0.0,-0.0,0.0,-0.0,0.0,0.0,0.06759332865476608,0.0,0.22531110048294067,0.22531110048294067,0.22531110048294067,0.0,0.0,0.0,0.0,0.0,0,0,0,0
0.0,0.0,0.0,0.0,0.0,0.015545853413641453,0.0,-0.22239865362644196,0.025903010740876198,-0.0,0.0,0.1580321192741394,0.0,0.0,0.0,0.0,-0.0,0.0,-0.0,0.0,0.0,0.07175010442733765,0.0,0.2391669750213623,0.2391669750213623,0.2391669750213623,0.0,0.0,0.0,0.0,0.0,0,0,0,0
0.0,0.0,0.0,0.0,0.0,0.01646697148680687,0.0,-0.23557613790035248,0.027437807992100716,-0.0,0.0,0.16739578545093536,0.0,0.0,0.0,0.0,-0.0,0.0,-0.0,0.0,0.0,0.07600141316652298,0.0,0.2533380389213562,0.2533380389213562,0.2533380389213562,0.0,0.0,0.0,0.0,0.0,0,0,0,0
0.0,0.0,0.0,0.0,0.0,0.017407996580004692,0.0,-0.249038428068161,0.029005777090787888,-0.0,0.0,0.17696180939674377,0.0,0.0,0.0,0.0,-0.0,0.0,-0.0,0.0,0.0,0.08034460991621017,0.0,0.26781535148620605,0.26781535148620605,0.26781535148620605,0.0,0.0,0.0,0.0,0.0,0,0,0,0
0.0,0.0,0.0,0.0,0.0,0.01836835779249668,0.0,-0.2627773582935333,0.030605964362621307,-0.0,0.0,0.18672442436218262,0.0,0.0,0.0,0.0,-0.0,0.0,-0.0,0.0,0.0,0.08477704972028732,0.0,0.2825901508331299,0.2825901508331299,0.2825901508331299,0.0,0.0,0.0,0.0,0.0,0,0,0,0
0.0,0.0,0.0,0.0,0.0,0.019347481429576874,0.0,-0.2767846882343292,0.03223740682005882,-0.0,0.0,0.19667774438858032,0.0,0.0,0.0,0.0,-0.0,0.0,-0.0,0.0,0.0,0.08929607272148132,0.0,0.29765358567237854,0.29765358567237854,0.29765358567237854,0.0,0.0,0.0,0.0,0.0,0,0,0,0
0.0,0.0,0.0,0.0,0.0,0.020344797521829605,0.0,-0.2910522520542145,0.03389916568994522,-0.0,0.0,0.20681600272655487,0.0,0.0,0.0,0.0,-0.0,0.0,-0.0,0.0,0.0,0.09389907121658325,0.0,0.31299689412117004,0.31299689412117004,0.31299689412117004,0.0,0.0,0.0,0.0,0.0,0,0,0,0
0.0,0.0,0.0,0.0,0.0,0.021359719336032867,0.0,-0.30557167530059814,0.035590264946222305,-0.0,0.0,0.21713325381278992,0.0,0.0,0.0,0.0,-0.0,0.0,-0.0,0.0,0.0,0.09858332574367523,0.0,0.3286110758781433,0.3286110758781433,0.3286110758781433,0.0,0.0,0.0,0.0,0.0,0,0,0,0
0.0,0.0,0.0,0.0,0.0,0.022391673177480698,0.0,-0.32033485174179077,0.03730974346399307,-0.0,0.0,0.22762364149093628,0.0,0.0,0.0,0.0,-0.0,0.0,-0.0,0.0,0.0,0.10334619879722595,0.0,0.3444873094558716,0.3444873094558716,0.3444873094558716,0.0,0.0,0.0,0.0,0.0,0,0,0,0
0.0,0.0,0.0,0.0,0.0,0.023440103977918625,0.0,-0.3353336453437805,0.03905666992068291,-0.0,0.0,0.2382815182209015,0.0,0.0,0.0,0.0,-0.0,0.0,-0.0,0.0,0.0,0.10818511247634888,0.0,0.3606170415878296,0.3606170415878296,0.3606170415878296,0.0,0.0,0.0,0.0,0.0,0,0,0,0
0.0,0.0,0.0,0.0,0.0,0.024504419416189194,0.0,-0.35055971145629883,0.04083006829023361,-0.0,0.0,0.24910083413124084,0.0,0.0,0.0,0.0,-0.0,0.0,-0.0,0.0,0.0,0.11309732496738434,0.0,0.37699106335639954,0.37699106335639954,0.37699106335639954,0.0,0.0,0.0,0.0,0.0,0,0,0,0
0.0,0.0,0.0,0.0,0.0,0.02558404952287674,0.0,-0.3660048842430115,0.04262898862361908,-0.0,0.0,0.2600758969783783,0.0,0.0,0.0,0.0,-0.0,0.0,-0.0,0.0,0.0,0.1180802583694458,0.0,0.39360079169273376,0.39360079169273376,0.39360079169273376,0.0,0.0,0.0,0.0,0.0,0,0,0,0
0.0,0.0,0.0,0.0,0.0,0.02667842246592045,0.0,-0.38166093826293945,0.04445246607065201,-0.0,0.0,0.2712007761001587,0.0,0.0,0.0,0.0,-0.0,0.0,-0.0,0.0,0.0,0.12313120067119598,0.0,0.41043728590011597,0.41043728590011597,0.41043728590011597,0.0,0.0,0.0,0.0,0.0,0,0,0,0
0.0,0.0,0.0,0.0,0.0,0.02778695710003376,0.0,-0.39751964807510376,0.04629954695701599,-0.0,0.0,0.28246966004371643,0.0,0.0,0.0,0.0,-0.0,0.0,-0.0,0.0,0.0,0.12824751436710358,0.0,0.4274916648864746,0.4274916648864746,0.4274916648864746,0.0,0.0,0.0,0.0,0.0,0,0,0,0
0.0,0.0,0.0,0.0,0.0,0.02890908718109131,0.0,-0.4135727882385254,0.048169270157814026,-0.0,0.0,0.2938767075538635,0.0,0.0,0.0,0.0,-0.0,0.0,-0.0,0.0,0.0,0.13342657685279846,0.0,0.4447552561759949,0.4447552561759949,0.4447552561759949,0.0,0.0,0.0,0.0,0.0,0,0,0,0
0.0,0.0,0.0,0.0,0.0,0.030044235289096832,0.0,-0.4298121929168701,0.0500606931746006,-0.0,0.0,0.3054161071777344,0.0,0.0,0.0,0.0,-0.0,0.0,-0.0,0.0,0.0,0.13866572082042694,0.0,0.4622190296649933,0.4622190296649933,0.4622190296649933,0.0,0.0,0.0,0.0,0.0,0,0,0,0
0.0,0.0,0.0,0.0,0.0,0.031191829591989517,0.0,-0.44622963666915894,0.051972851157188416,-0.0,0.0,0.3170820474624634,0.0,0.0,0.0,0.0,-0.0,0.0,-0.0,0.0,0.0,0.1439623087644577,0.0,0.47987431287765503,0.47987431287765503,0.47987431287765503,0.0,0.0,0.0,0.0,0.0,0,0,0,0
0.0,0.0,0.0,0.0,0.0,0.0323512889444828,0.0,-0.46281686425209045,0.053904786705970764,-0.0,0.0,0.3288685977458954,0.0,0.0,0.0,0.0,-0.0,0.0,-0.0,0.0,0.0,0.14931367337703705,0.0,0.49771222472190857,0.49771222472190857,0.49771222472190857,0.0,0.0,0.0,0.0,0.0,0,0,0,0
0.0,0.0,0.0,0.0,0.0,0.033522047102451324,0.0,-0.47956565022468567,0.055855534970760345,-0.0,0.0,0.3407699465751648,0.0,0.0,0.0,0.0,-0.0,0.0,-0.0,0.0,0.0,0.15471714735031128,0.0,0.5157238245010376,0.5157238245010376,0.5157238245010376,0.0,0.0,0.0,0.0,0.0,0,0,0,0
0.0,0.0,0.0,0.0,0.0,0.03470351919531822,0.0,-0.49646779894828796,0.05782414227724075,-0.0,0.0,0.352780282497406,0.0,0.0,0.0,0.0,-0.0,0.0,-0.0,0.0,0.0,0.16017010807991028,0.0,0.5339003205299377,0.5339003205299377,0.5339003205299377,0.0,0.0,0.0,0.0,0.0,0,0,0,0
0.0,0.0,0.0,0.0,0.0,0.03589514642953873,0.0,-0.5135152339935303,0.059809669852256775,-0.0,0.0,0.3648937940597534,0.0,0.0,0.0,0.0,-0.0,0.0,-0.0,0.0,0.0,0.16566991806030273,0.0,0.5522329807281494,0.5522329807281494,0.5522329807281494,0.0,0.0,0.0,0.0,0.0,0,0,0,0
0.0,0.0,0.0,0.0,0.0,0.03709634393453598,0.0,-0.5306994915008545,0.061811141669750214,-0.0,0.0,0.37710464000701904,0.0,0.0,0.0,0.0,-0.0,0.0,-0.0,0.0,0.0,0.17121389508247375,0.0,0.5707130432128906,0.5707130432128906,0.5707130432128906,0.0,0.0,0.0,0.0,0.0,0,0,0,0
0.0,0.0,0.0,0.0,0.0,0.03830653056502342,0.0,-0.5480124354362488,0.06382760405540466,-0.0,0.0,0.38940688967704773,0.0,0.0,0.0,0.0,-0.0,0.0,-0.0,0.0,0.0,0.17679938673973083,0.0,0.589331328868866,0.589331328868866,0.589331328868866,0.0,0.0,0.0,0.0,0.0,0,0,0,0
0.0,0.0,0.0,0.0,0.0,0.039525147527456284,0.0,-0.5654458999633789,0.06585810333490372,-0.0,0.0,0.40179479122161865,0.0,0.0,0.0,0.0,-0.0,0.0,-0.0,0.0,0.0,0.18242377042770386,0.0,0.6080793142318726,0.6080793142318726,0.6080793142318726,0.0,0.0,0.0,0.0,0.0,0,0,0,0
0.0,0.0,0.0,0.0,0.0,0.040751613676548004,0.0,-0.5829917788505554,0.06790167838335037,-0.0,0.0,0.4142625331878662,0.0,0.0,0.0,0.0,-0.0,0.0,-0.0,0.0,0.0,0.1880844086408615,0.0,0.6269479990005493,0.6269479990005493,0.6269479990005493,0.0,0.0,0.0,0.0,0.0,0,0,0,0
0.0,0.0,0.0,0.0,0.0,0.04198535531759262,0.0,-0.6006416082382202,0.06995737552642822,-0.0,0.0,0.4268041253089905,0.0,0.0,0.0,0.0,-0.0,0.0,-0.0,0.0,0.0,0.1937786042690277,0.0,0.6459286212921143,0.6459286212921143,0.6459286212921143,0.0,0.0,0.0,0.0,0.0,0,0,0,0
0.0,0.0,0.0,0.0,0.0,0.043225787580013275,0.0,-0.6183872222900391,0.07202422618865967,-0.0,0.0,0.439413845539093,0.0,0.0,0.0,0.0,-0.0,0.0,-0.0,0.0,0.0,0.19950369000434875,0.0,0.6650122404098511,0.6650122404098511,0.6650122404098511,0.0,0.0,0.0,0.0,0.0,0,0,0,0
0.0,0.0,0.0,0.0,0.0,0.044472359120845795,0.0,-0.6362206935882568,0.07410131394863129,-0.0,0.0,0.4520859122276306,0.0,0.0,0.0,0.0,-0.0,0.0,-0.0,0.0,0.0,0.2052570879459381,0.0,0.6841902136802673,0.6841902136802673,0.6841902136802673,0.0,0.0,0.0,0.0,0.0,0,0,0,0
0.0,0.0,0.0,0.0,0.0,0.045724477618932724,0.0,-0.6541334390640259,0.0761876255273819,-0.0,0.0,0.46481436491012573,0.0,0.0,0.0,0.0,-0.0,0.0,-0.0,0.0,0.0,0.2110360860824585,0.0,0.703453540802002,0.703453540802002,0.703453540802002,0.0,0.0,0.0,0.0,0.0,0,0,0,0
0.0,0.0,0.0,0.0,0.0,0.046981580555438995,0.0,-0.6721174716949463,0.07828225195407867,-0.0,0.0,0.4775935411453247,0.0,0.0,0.0,0.0,-0.0,0.0,-0.0,0.0,0.0,0.216838076710701,0.0,0.7227935791015625,0.7227935791015625,0.7227935791015625,0.0,0.0,0.0,0.0,0.0,0,0,0,0
0.0,0.0,0.0,0.0,0.0,0.04824307933449745,0.0,-0.6901644468307495,0.08038419485092163,-0.0,0.0,0.49041733145713806,0.0,0.0,0.0,0.0,-0.0,0.0,-0.0,0.0,0.0,0.2226603627204895,0.0,0.7422012686729431,0.7422012686729431,0.7422012686729431,0.0,0.0,0.0,0.0,0.0,0,0,0,0
0.0,0.0,0.0,0.0,0.0,0.04950840026140213,0.0,-0.7082661390304565,0.08249251544475555,-0.0,0.0,0.5032800436019897,0.0,0.0,0.0,0.0,-0.0,0.0,-0.0,0.0,0.0,0.22850032150745392,0.0,0.7616677284240723,0.7616677284240723,0.7616677284240723,0.0,0.0,0.0,0.0,0.0,0,0,0,0
0.0,0.0,0.0,0.0,0.0,0.05077698826789856,0.0,-0.7264144420623779,0.08460627496242523,-0.0,0.0,0.5161758661270142,0.0,0.0,0.0,0.0,-0.0,0.0,-0.0,0.0,0.0,0.23435533046722412,0.0,0.7811844348907471,0.7811844348907471,0.7811844348907471,0.0,0.0,0.0,0.0,0.0,0,0,0,0
0.0,0.0,0.0,0.0,0.0,0.05204824358224869,0.0,-0.7446010708808899,0.08672448992729187,-0.0,0.0,0.5290989279747009,0.0,0.0,0.0,0.0,-0.0,0.0,-0.0,0.0,0.0,0.24022270739078522,0.0,0.8007422685623169,0.8007422685623169,0.8007422685623169,0.0,0.0,0.0,0.0,0.0,0,0,0,0
0.0,0.0,0.0,0.0,0.0,0.05332162231206894,0.0,-0.7628179788589478,0.08884623646736145,-0.0,0.0,0.5420434474945068,0.0,0.0,0.0,0.0,-0.0,0.0,-0.0,0.0,0.0,0.2460997998714447,0.0,0.8203326463699341,0.8203326463699341,0.8203326463699341,0.0,0.0,0.0,0.0,0.0,0,0,0,0
0.0,0.0,0.0,0.0,0.0,0.054596513509750366,0.0,-0.7810566425323486,0.09097051620483398,-0.0,0.0,0.5550035238265991,0.0,0.0,0.0,0.0,-0.0,0.0,-0.0,0.0,0.0,0.2519839406013489,0.0,0.8399465084075928,0.8399465084075928,0.8399465084075928,0.0,0.0,0.0,0.0,0.0,0,0,0,0
0.0,0.0,0.0,0.0,0.0,0.055872365832328796,0.0,-0.7993088960647583,0.09309638291597366,-0.0,0.0,0.567973256111145,0.0,0.0,0.0,0.0,-0.0,0.0,-0.0,0.0,0.0,0.25787249207496643,0.0,0.8595750331878662,0.8595750331878662,0.8595750331878662,0.0,0.0,0.0,0.0,0.0,0,0,0,0
0.0,0.0,0.0,0.0,0.0,0.05714862048625946,0.0,-0.8175668716430664,0.09522290527820587,-0.0,0.0,0.5809470415115356,0.0,0.0,0.0,0.0,-0.0,0.0,-0.0,0.0,0.0,0.263762891292572,0.0,0.8792095184326172,0.8792095184326172,0.8792095184326172,0.0,0.0,0.0,0.0,0.0,0,0,0,0
0.0,0.0,0.0,0.0,0.0,0.058424659073352814,0.0,-0.8358219861984253,0.09734909236431122,-0.0,0.0,0.5939186811447144,0.0,0.0,0.0,0.0,-0.0,0.0,-0.0,0.0,0.0,0.2696523070335388,0.0,0.8988410234451294,0.8988410234451294,0.8988410234451294,0.0,0.0,0.0,0.0,0.0,0,0,0,0
0.0,0.0,0.0,0.0,0.0,0.05969994515180588,0.0,-0.8540661334991455,0.09947401285171509,-0.0,0.0,0.6068826913833618,0.0,0.0,0.0,0.0,-0.0,0.0,-0.0,0.0,0.0,0.27553820610046387,0.0,0.9184607863426208,0.9184607863426208,0.9184607863426208,0.0,0.0,0.0,0.0,0.0,0,0,0,0
0.0,0.0,0.0,0.0,0.0,0.0609738826751709,0.0,-0.872291088104248,0.10159668326377869,-0.0,0.0,0.6198328733444214,0.0,0.0,0.0,0.0,-0.0,0.0,-0.0,0.0,0.0,0.28141793608665466,0.0,0.9380598068237305,0.9380598068237305,0.9380598068237305,0.0,0.0,0.0,0.0,0.0,0,0,0,0
0.0,0.0,0.0,0.0,0.0,0.06224591284990311,0.0,-0.8904887437820435,0.10371619462966919,-0.0,0.0,0.6327638626098633,0.0,0.0,0.0,0.0,-0.0,0.0,-0.0,0.0,0.0,0.2872888743877411,0.0,0.9576295614242554,0.9576295614242554,0.9576295614242554,0.0,0.0,0.0,0.0,0.0,0,0,0,0
0.0,0.0,0.0,0.0,0.0,0.06351544708013535,0.0,-0.9086506962776184,0.10583153367042542,-0.0,0.0,0.6456693410873413,0.0,0.0,0.0,0.0,-0.0,0.0,-0.0,0.0,0.0,0.2931482791900635,0.0,0.9771608710289001,0.9771608710289001,0.9771608710289001,0.0,0.0,0.0,0.0,0.0,0,0,0,0
0.0,0.0,0.0,0.0,0.0,0.06478193402290344,0.0,-0.9267688989639282,0.10794177651405334,-0.0,0.0,0.6585438251495361,0.0,0.0,0.0,0.0,-0.0,0.0,-0.0,0.0,0.0,0.2989935278892517,0.0,0.9966451525688171,0.9966451525688171,0.9966451525688171,0.0,0.0,0.0,0.0,0.0,0,0,0,0
0.0,0.0,0.0,0.0,0.0,0.06604477018117905,0.0,-0.9448351263999939,0.11004597693681717,-0.0,0.0,0.6713813543319702,0.0,0.0,0.0,0.0,-0.0,0.0,-0.0,0.0,0.0,0.30482205748558044,0.0,1.01607346534729,1.01607346534729,1.01607346534729,0.0,0.0,0.0,0.0,0.0,0,0,0,0
0.0,0.0,0.0,0.0,0.0,0.06730340421199799,0.0,-0.9628410935401917,0.1121431440114975,-0.0,0.0,0.684175968170166,0.0,0.0,0.0,0.0,-0.0,0.0,-0.0,0.0,0.0,0.3106310963630676,0.0,1.035436987876892,1.035436987876892,1.035436987876892,0.0,0.0,0.0,0.0,0.0,0,0,0,0
0.0,0.0,0.0,0.0,0.0,0.06855722516775131,0.0,-0.9807783365249634,0.11423230916261673,-0.0,0.0,0.6969217658042908,0.0,0.0,0.0,0.0,-0.0,0.0,-0.0,0.0,0.0,0.31641799211502075,0.0,1.0547266006469727,1.0547266006469727,1.0547266006469727,0.0,0.0,0.0,0.0,0.0,0,0,0,0
0.0,0.0,0.0,0.0,0.0,0.06980571895837784,0.0,-0.9986391663551331,0.11631258577108383,-0.0,0.0,0.7096134424209595,0.0,0.0,0.0,0.0,-0.0,0.0,-0.0,0.0,0.0,0.32218027114868164,0.0,1.0739343166351318,1.0739343166351318,1.0739343166351318,0.0,0.0,0.0,0.0,0.0,0,0,0,0
0.0,0.0,0.0,0.0,0.0,0.07104826718568802,0.0,-1.0164151191711426,0.11838295310735703,-0.0,0.0,0.7222446203231812,0.0,0.0,0.0,0.0,-0.0,0.0,-0.0,0.0,0.0,0.32791513204574585,0.0,1.093050479888916,1.093050479888916,1.093050479888916,0.0,0.0,0.0,0.0,0.0,0,0,0,0
0.0,0.0,0.0,0.0,0.0,0.07228431105613708,0.0,-1.034097671508789,0.1204424798488617,-0.0,0.0,0.7348095774650574,0.0,0.0,0.0,0.0,-0.0,0.0,-0.0,0.0,0.0,0.3336199223995209,0.0,1.112066388130188,1.112066388130188,1.112066388130188,0.0,0.0,0.0,0.0,0.0,0,0,0,0
0.0,0.0,0.0,0.0,0.0,0.07351325452327728,0.0,-1.0516791343688965,0.12249021232128143,-0.0,0.0,0.7473025321960449,0.0,0.0,0.0,0.0,-0.0,0.0,-0.0,0.0,0.0,0.3392919898033142,0.0,1.130973219871521,1.130973219871521,1.130973219871521,0.0,0.0,0.0,0.0,0.0,0,0,0,0
0.0,0.0,0.0,0.0,0.0,0.07473455369472504,0.0,-1.0691509246826172,0.12452515959739685,-0.0,0.0,0.7597177028656006,0.0,0.0,0.0,0.0,-0.0,0.0,-0.0,0.0,0.0,0.3449287414550781,0.0,1.1497623920440674,1.1497623920440674,1.1497623920440674,0.0,0.0,0.0,0.0,0.0,0,0,0,0
0.0,0.0,0.0,0.0,0.0,0.07594761252403259,0.0,-1.0865049362182617,0.12654641270637512,-0.0,0.0,0.7720491290092468,0.0,0.0,0.0,0.0,-0.0,0.0,-0.0,0.0,0.0,0.35052749514579773,0.0,1.1684249639511108,1.1684249639511108,1.1684249639511108,0.0,0.0,0.0,0.0,0.0,0,0,0,0
0.0,0.0,0.0,0.0,0.0,0.07715187966823578,0.0,-1.1037330627441406,0.12855298817157745,-0.0,0.0,0.7842910885810852,0.0,0.0,0.0,0.0,-0.0,0.0,-0.0,0.0,0.0,0.3560855984687805,0.0,1.1869521141052246,1.1869521141052246,1.1869521141052246,0.0,0.0,0.0,0.0,0.0,0,0,0,0
0.0,0.0,0.0,0.0,0.0,0.07834675908088684,0.0,-1.120827078819275,0.13054394721984863,-0.0,0.0,0.796437680721283,0.0,0.0,0.0,0.0,-0.0,0.0,-0.0,0.0,0.0,0.36160048842430115,0.0,1.2053347826004028,1.2053347826004028,1.2053347826004028,0.0,0.0,0.0,0.0,0.0,0,0,0,0
0.0,0.0,0.0,0.0,0.0,0.07953167706727982,0.0,-1.1377785205841064,0.13251829147338867,-0.0,0.0,0.8084830641746521,0.0,0.0,0.0,0.0,-0.0,0.0,-0.0,0.0,0.0,0.3670693337917328,0.0,1.2235643863677979,1.2235643863677979,1.2235643863677979,0.0,0.0,0.0,0.0,0.0,0,0,0,0
0.0,0.0,0.0,0.0,0.0,0.08070605993270874,0.0,-1.1545791625976562,0.13447508215904236,-0.0,0.0,0.8204213380813599,0.0,0.0,0.0,0.0,-0.0,0.0,-0.0,0.0,0.0,0.3724895119667053,0.0,1.2416317462921143,1.2416317462921143,1.2416317462921143,0.0,0.0,0.0,0.0,0.0,0,0,0,0
0.0,0.0,0.0,0.0,0.0,0.08186936378479004,0.0,-1.1712212562561035,0.13641342520713806,-0.0,0.0,0.8322469592094421,0.0,0.0,0.0,0.0,-0.0,0.0,-0.0,0.0,0.0,0.37785863876342773,0.0,1.259528636932373,1.259528636932373,1.259528636932373,0.0,0.0,0.0,0.0,0.0,0,0,0,0
0.0,0.0,0.0,0.0,0.0,0.08302097022533417,0.0,-1.1876963376998901,0.1383322775363922,-0.0,0.0,0.8439536690711975,0.0,0.0,0.0,0.0,-0.0,0.0,-0.0,0.0,0.0,0.38317379355430603,0.0,1.2772459983825684,1.2772459983825684,1.2772459983825684,0.0,0.0,0.0,0.0,0.0,0,0,0,0
0.0,0.0,0.0,0.0,0.0,0.08416033536195755,0.0,-1.203995943069458,0.1402307152748108,-0.0,0.0,0.8555359244346619,0.0,0.0,0.0,0.0,-0.0,0.0,-0.0,0.0,0.0,0.3884323239326477,0.0,1.2947745323181152,1.2947745323181152,1.2947745323181152,0.0,0.0,0.0,0.0,0.0,0,0,0,0
0.0,0.0,0.0,0.0,0.0,0.08528686314821243,0.0,-1.2201120853424072,0.1421077847480774,-0.0,0.0,0.8669876456260681,0.0,0.0,0.0,0.0,-0.0,0.0,-0.0,0.0,0.0,0.3936317265033722,0.0,1.312105655670166,1.312105655670166,1.312105655670166,0.0,0.0,0.0,0.0,0.0,0,0,0,0
0.0,0.0,0.0,0.0,0.0,0.08639999479055405,0.0,-1.2360365390777588,0.1439625322818756,-0.0,0.0,0.8783032894134521,0.0,0.0,0.0,0.0,-0.0,0.0,-0.0,0.0,0.0,0.39876922965049744,0.0,1.3292309045791626,1.3292309045791626,1.3292309045791626,0.0,0.0,0.0,0.0,0.0,0,0,0,0
0.0,0.0,0.0,0.0,0.0,0.08749915659427643,0.0,-1.2517610788345337,0.14579397439956665,-0.0,0.0,0.8894769549369812,0.0,0.0,0.0,0.0,-0.0,0.0,-0.0,0.0,0.0,0.4038423001766205,0.0,1.34614098072052,1.34614098072052,1.34614098072052,0.0,0.0,0.0,0.0,0.0,0,0,0,0
0.0,0.0,0.0,0.0,0.0,0.08858376741409302,0.0,-1.2672773599624634,0.1476011872291565,-0.0,0.0,0.9005024433135986,0.0,0.0,0.0,0.0,-0.0,0.0,-0.0,0.0,0.0,0.4088481664657593,0.0,1.362827181816101,1.362827181816101,1.362827181816101,0.0,0.0,0.0,0.0,0.0,0,0,0,0
0.0,0.0,0.0,0.0,0.0,0.08965324610471725,0.0,-1.2825775146484375,0.14938320219516754,-0.0,0.0,0.9113744497299194,0.0,0.0,0.0,0.0,-0.0,0.0,-0.0,0.0,0.0,0.41378432512283325,0.0,1.3792810440063477,1.3792810440063477,1.3792810440063477,0.0,0.0,0.0,0.0,0.0,0,0,0,0
0.0,0.0,0.0,0.0,0.0,0.09070703387260437,0.0,-1.2976529598236084,0.1511390507221222,-0.0,0.0,0.9220866560935974,0.0,0.0,0.0,0.0,-0.0,0.0,-0.0,0.0,0.0,0.4186479151248932,0.0,1.3954931497573853,1.3954931497573853,1.3954931497573853,0.0,0.0,0.0,0.0,0.0,0,0,0,0
0.0,0.0,0.0,0.0,0.0,0.0917445495724678,0.0,-1.312495470046997,0.15286777913570404,-0.0,0.0,0.9326335787773132,0.0,0.0,0.0,0.0,-0.0,0.0,-0.0,0.0,0.0,0.4234364330768585,0.0,1.411454677581787,1.411454677581787,1.411454677581787,0.0,0.0,0.0,0.0,0.0,0,0,0,0
0.0,0.0,0.0,0.0,0.0,0.0927651971578598,0.0,-1.3270970582962036,0.15456843376159668,-0.0,0.0,0.9430091977119446,0.0,0.0,0.0,0.0,-0.0,0.0,-0.0,0.0,0.0,0.42814716696739197,0.0,1.4271571636199951,1.4271571636199951,1.4271571636199951,0.0,0.0,0.0,0.0,0.0,0,0,0,0
0.0,0.0,0.0,0.0,0.0,0.09376845508813858,0.0,-1.341449499130249,0.1562400758266449,-0.0,0.0,0.9532077312469482,0.0,0.0,0.0,0.0,-0.0,0.0,-0.0,0.0,0.0,0.4327775239944458,0.0,1.442591667175293,1.442591667175293,1.442591667175293,0.0,0.0,0.0,0.0,0.0,0,0,0,0
0.0,0.0,0.0,0.0,0.0,0.09475371241569519,0.0,-1.3555446863174438,0.1578817516565323,-0.0,0.0,0.963223397731781,0.0,0.0,0.0,0.0,-0.0,0.0,-0.0,0.0,0.0,0.4373248815536499,0.0,1.457749605178833,1.457749605178833,1.457749605178833,0.0,0.0,0.0,0.0,0.0,0,0,0,0
0.0,0.0,0.0,0.0,0.0,0.09572039544582367,0.0,-1.3693740367889404,0.15949247777462006,-0.0,0.0,0.9730501770973206,0.0,0.0,0.0,0.0,-0.0,0.0,-0.0,0.0,0.0,0.4417864978313446,0.0,1.4726214408874512,1.4726214408874512,1.4726214408874512,0.0,0.0,0.0,0.0,0.0,0,0,0,0
0.0,0.0,0.0,0.0,0.0,0.09666791558265686,0.0,-1.3829293251037598,0.1610712707042694,-0.0,0.0,0.982682466506958,0.0,0.0,0.0,0.0,-0.0,0.0,-0.0,0.0,0.0,0.4461596608161926,0.0,1.4871989488601685,1.4871989488601685,1.4871989488601685,0.0,0.0,0.0,0.0,0.0,0,0,0,0
0.0,0.0,0.0,0.0,0.0,0.09759575128555298,0.0,-1.3962026834487915,0.16261723637580872,-0.0,0.0,0.9921141862869263,0.0,0.0,0.0,0.0,-0.0,0.0,-0.0,0.0,0.0,0.4504419267177582,0.0,1.501473307609558,1.501473307609558,1.501473307609558,0.0,0.0,0.0,0.0,0.0,0,0,0,0
0.0,0.0,0.0,0.0,0.0,0.09850326180458069,0.0,-1.409185767173767,0.16412939131259918,-0.0,0.0,1.0013396739959717,0.0,0.0,0.0,0.0,-0.0,0.0,-0.0,0.0,0.0,0.4546305537223816,0.0,1.5154352188110352,1.5154352188110352,1.5154352188110352,0.0,0.0,0.0,0.0,0.0,0,0,0,0
0.0,0.0,0.0,0.0,0.0,0.09938991814851761,0.0,-1.4218701124191284,0.1656067669391632,-0.0,0.0,1.0103530883789062,0.0,0.0,0.0,0.0,-0.0,0.0,-0.0,0.0,0.0,0.4587227702140808,0.0,1.5290759801864624,1.5290759801864624,1.5290759801864624,0.0,0.0,0.0,0.0,0.0,0,0,0,0
0.0,0.0,0.0,0.0,0.0,0.10025513917207718,0.0,-1.4342478513717651,0.16704842448234558,-0.0,0.0,1.0191484689712524,0.0,0.0,0.0,0.0,-0.0,0.0,-0.0,0.0,0.0,0.4627160429954529,0.0,1.5423870086669922,1.5423870086669922,1.5423870086669922,0.0,0.0,0.0,0.0,0.0,0,0,0,0
0.0,0.0,0.0,0.0,0.0,0.10109833627939224,0.0,-1.4463106393814087,0.1684533804655075,-0.0,0.0,1.0277200937271118,0.0,0.0,0.0,0.0,-0.0,0.0,-0.0,0.0,0.0,0.4666077494621277,0.0,1.5553593635559082,1.5553593635559082,1.5553593635559082,0.0,0.0,0.0,0.0,0.0,0,0,0,0
0.0,0.0,0.0,0.0,0.0,0.10191892832517624,0.0,-1.45805025100708,0.16982068121433258,-0.0,0.0,1.0360618829727173,0.0,0.0,0.0,0.0,-0.0,0.0,-0.0,0.0,0.0,0.47039514780044556,0.0,1.567983865737915,1.567983865737915,1.567983865737915,0.0,0.0,0.0,0.0,0.0,0,0,0,0
0.0,0.0,0.0,0.0,0.0,0.10271639376878738,0.0,-1.469458818435669,0.17114944756031036,-0.0,0.0,1.0441685914993286,0.0,0.0,0.0,0.0,-0.0,0.0,-0.0,0.0,0.0,0.4740757942199707,0.0,1.5802525281906128,1.5802525281906128,1.5802525281906128,0.0,0.0,0.0,0.0,0.0,0,0,0,0
0.0,0.0,0.0,0.0,0.0,0.10349011421203613,0.0,-1.480527400970459,0.1724386215209961,-0.0,0.0,1.0520336627960205,0.0,0.0,0.0,0.0,-0.0,0.0,-0.0,0.0,0.0,0.47764670848846436,0.0,1.5921558141708374,1.5921558141708374,1.5921558141708374,0.0,0.0,0.0,0.0,0.0,0,0,0,0
0.0,0.0,0.0,0.0,0.0,0.10423949360847473,0.0,-1.4912482500076294,0.17368727922439575,-0.0,0.0,1.059651494026184,0.0,0.0,0.0,0.0,-0.0,0.0,-0.0,0.0,0.0,0.4811054468154907,0.0,1.6036847829818726,1.6036847829818726,1.6036847829818726,0.0,0.0,0.0,0.0,0.0,0,0,0,0
0.0,0.0,0.0,0.0,0.0,0.1049640029668808,0.0,-1.5016127824783325,0.17489449679851532,-0.0,0.0,1.0670167207717896,0.0,0.0,0.0,0.0,-0.0,0.0,-0.0,0.0,0.0,0.48444926738739014,0.0,1.6148312091827393,1.6148312091827393,1.6148312091827393,0.0,0.0,0.0,0.0,0.0,0,0,0,0
0.0,0.0,0.0,0.0,0.0,0.10566304624080658,0.0,-1.5116132497787476,0.17605924606323242,-0.0,0.0,1.0741227865219116,0.0,0.0,0.0,0.0,-0.0,0.0,-0.0,0.0,0.0,0.4876757264137268,0.0,1.6255855560302734,1.6255855560302734,1.6255855560302734,0.0,0.0,0.0,0.0,0.0,0,0,0,0
0.0,0.0,0.0,0.0,0.0,0.10633605718612671,0.0,-1.521241545677185,0.17718063294887543,-0.0,0.0,1.080964207649231,0.0,0.0,0.0,0.0,-0.0,0.0,-0.0,0.0,0.0,0.49078184366226196,0.0,1.6359398365020752,1.6359398365020752,1.6359398365020752,0.0,0.0,0.0,0.0,0.0,0,0,0,0
0.0,0.0,0.0,0.0,0.0,0.10698245465755463,0.0,-1.5304889678955078,0.17825771868228912,-0.0,0.0,1.0875353813171387,0.0,0.0,0.0,0.0,-0.0,0.0,-0.0,0.0,0.0,0.49376535415649414,0.0,1.6458842754364014,1.6458842754364014,1.6458842754364014,0.0,0.0,0.0,0.0,0.0,0,0,0,0
0.0,0.0,0.0,0.0,0.0,0.10760167241096497,0.0,-1.5393474102020264,0.17928946018218994,-0.0,0.0,1.0938301086425781,0.0,0.0,0.0,0.0,-0.0,0.0,-0.0,0.0,0.0,0.4966232180595398,0.0,1.6554107666015625,1.6554107666015625,1.6554107666015625,0.0,0.0,0.0,0.0,0.0,0,0,0,0
0.0,0.0,0.0,0.0,0.0,0.10819312930107117,0.0,-1.5478088855743408,0.18027494847774506,-0.0,0.0,1.0998424291610718,0.0,0.0,0.0,0.0,-0.0,0.0,-0.0,0.0,0.0,0.49935299158096313,0.0,1.6645100116729736,1.6645100116729736,1.6645100116729736,0.0,0.0,0.0,0.0,0.0,0,0,0,0
0.0,0.0,0.0,0.0,0.0,0.10875625908374786,0.0,-1.5558648109436035,0.18121322989463806,-0.0,0.0,1.1055668592453003,0.0,0.0,0.0,0.0,-0.0,0.0,-0.0,0.0,0.0,0.501952052116394,0.0,1.673173427581787,1.673173427581787,1.673173427581787,0.0,0.0,0.0,0.0,0.0,0,0,0,0
0.0,0.0,0.0,0.0,0.0,0.10929049551486969,0.0,-1.563507318496704,0.18210342526435852,-0.0,0.0,1.1109977960586548,0.0,0.0,0.0,0.0,-0.0,0.0,-0.0,0.0,0.0,0.5044176578521729,0.0,1.6813924312591553,1.6813924312591553,1.6813924312591553,0.0,0.0,0.0,0.0,0.0,0,0,0,0
0.0,0.0,0.0,0.0,0.0,0.1097952127456665,0.0,-1.570728063583374,0.1829444169998169,-0.0,0.0,1.11612868309021,0.0,0.0,0.0,0.0,-0.0,0.0,-0.0,0.0,0.0,0.5067471861839294,0.0,1.689157485961914,1.689157485961914,1.689157485961914,0.0,0.0,0.0,0.0,0.0,0,0,0,0
0.0,0.0,0.0,0.0,0.0,0.11026990413665771,0.0,-1.5775189399719238,0.18373531103134155,-0.0,0.0,1.1209540367126465,0.0,0.0,0.0,0.0,-0.0,0.0,-0.0,0.0,0.0,0.5089380145072937,0.0,1.696460247039795,1.696460247039795,1.696460247039795,0.0,0.0,0.0,0.0,0.0,0,0,0,0
0.0,0.0,0.0,0.0,0.0,0.11071392893791199,0.0,-1.5838713645935059,0.18447521328926086,-0.0,0.0,1.1254678964614868,0.0,0.0,0.0,0.0,-0.0,0.0,-0.0,0.0,0.0,0.510987401008606,0.0,1.703291654586792,1.703291654586792,1.703291654586792,0.0,0.0,0.0,0.0,0.0,0,0,0,0
0.0,0.0,0.0,0.0,0.0,0.11112678050994873,0.0,-1.5897774696350098,0.18516308069229126,-0.0,0.0,1.129664659500122,0.0,0.0,0.0,0.0,-0.0,0.0,-0.0,0.0,0.0,0.5128928422927856,0.0,1.7096428871154785,1.7096428871154785,1.7096428871154785,0.0,0.0,0.0,0.0,0.0,0,0,0,0
0.0,0.0,0.0,0.0,0.0,0.1115078330039978,0.0,-1.595228910446167,0.1857980489730835,-0.0,0.0,1.1335383653640747,0.0,0.0,0.0,0.0,-0.0,0.0,-0.0,0.0,0.0,0.5146515965461731,0.0,1.7155053615570068,1.7155053615570068,1.7155053615570068,0.0,0.0,0.0,0.0,0.0,0,0,0,0
0.0,0.0,0.0,0.0,0.0,0.11185656487941742,0.0,-1.600217580795288,0.186379075050354,-0.0,0.0,1.1370831727981567,0.0,0.0,0.0,0.0,-0.0,0.0,-0.0,0.0,0.0,0.5162610411643982,0.0,1.7208702564239502,1.7208702564239502,1.7208702564239502,0.0,0.0,0.0,0.0,0.0,0,0,0,0
0.0,0.0,0.0,0.0,0.0,0.11217235028743744,0.0,-1.6047353744506836,0.18690523505210876,-0.0,0.0,1.1402931213378906,0.0,0.0,0.0,0.0,-0.0,0.0,-0.0,0.0,0.0,0.5177185535430908,0.0,1.7257285118103027,1.7257285118103027,1.7257285118103027,0.0,0.0,0.0,0.0,0.0,0,0,0,0
0.0,0.0,0.0,0.0,0.0,0.1124546080827713,0.0,-1.6087732315063477,0.18737557530403137,-0.0,0.0,1.1431628465652466,0.0,0.0,0.0,0.0,-0.0,0.0,-0.0,0.0,0.0,0.5190213918685913,0.0,1.7300710678100586,1.7300710678100586,1.7300710678100586,0.0,0.0,0.0,0.0,0.0,0,0,0,0
0.0,0.0,0.0,0.0,0.0,0.11270280182361603,0.0,-1.6123244762420654,0.1877891719341278,-0.0,0.0,1.1456859111785889,0.0,0.0,0.0,0.0,-0.0,0.0,-0.0,0.0,0.0,0.5201669335365295,0.0,1.7338898181915283,1.7338898181915283,1.7338898181915283,0.0,0.0,0.0,0.0,0.0,0,0,0,0
0.0,0.0,0.0,0.0,0.0,0.11291638016700745,0.0,-1.6153795719146729,0.1881450116634369,-0.0,0.0,1.1478567123413086,0.0,0.0,0.0,0.0,-0.0,0.0,-0.0,0.0,0.0,0.5211525559425354,0.0,1.7371752262115479,1.7371752262115479,1.7371752262115479,0.0,0.0,0.0,0.0,0.0,0,0,0,0
0.0,0.0,0.0,0.0,0.0,0.11309468746185303,0.0,-1.6179304122924805,0.1884421408176422,-0.0,0.0,1.1496694087982178,0.0,0.0,0.0,0.0,-0.0,0.0,-0.0,0.0,0.0,0.5219756364822388,0.0,1.7399187088012695,1.7399187088012695,1.7399187088012695,0.0,0.0,0.0,0.0,0.0,0,0,0,0
0.0,0.0,0.0,0.0,0.0,0.11323721706867218,0.0,-1.6199696063995361,0.18867960572242737,-0.0,0.0,1.151118516921997,0.0,0.0,0.0,0.0,-0.0,0.0,-0.0,0.0,0.0,0.52263343334198,0.0,1.7421114444732666,1.7421114444732666,1.7421114444732666,0.0,0.0,0.0,0.0,0.0,0,0,0,0
0.0,0.0,0.0,0.0,0.0,0.11334337294101715,0.0,-1.6214878559112549,0.18885651230812073,-0.0,0.0,1.1521975994110107,0.0,0.0,0.0,0.0,-0.0,0.0,-0.0,0.0,0.0,0.5231233239173889,0.0,1.7437446117401123,1.7437446117401123,1.7437446117401123,0.0,0.0,0.0,0.0,0.0,0,0,0,0
0.0,0.0,0.0,0.0,0.0,0.11341257393360138,0.0,-1.6224780082702637,0.18897181749343872,-0.0,0.0,1.1529011726379395,0.0,0.0,0.0,0.0,-0.0,0.0,-0.0,0.0,0.0,0.5234427452087402,0.0,1.7448093891143799,1.7448093891143799,1.7448093891143799,0.0,0.0,0.0,0.0,0.0,0,0,0,0
0.0,0.0,0.0,0.0,0.0,0.1134442687034607,0.0,-1.6229314804077148,0.18902456760406494,-0.0,0.0,1.1532232761383057,0.0,0.0,0.0,0.0,-0.0,0.0,-0.0,0.0,0.0,0.5235891342163086,0.0,1.7452964782714844,1.7452964782714844,1.7452964782714844,0.0,0.0,0.0,0.0,0.0,0,0,0,0
0.0,0.0,0.0,0.0,0.0,0.11343791335821152,0.0,-1.622840404510498,0.1890139877796173,-0.0,0.0,1.15315842628479,0.0,0.0,0.0,0.0,-0.0,0.0,-0.0,0.0,0.0,0.5235596299171448,0.0,1.7451988458633423,1.7451988458633423,1.7451988458633423,0.0,0.0,0.0,0.0,0.0,0,0,0,0
0.0,0.0,0.0,0.0,0.0,0.11339365690946579,0.0,-1.6222072839736938,0.18894025683403015,-0.0,0.0,1.152708649635315,0.0,0.0,0.0,0.0,-0.0,0.0,-0.0,0.0,0.0,0.5233553647994995,0.0,1.7445179224014282,1.7445179224014282,1.7445179224014282,0.0,0.0,0.0,0.0,0.0,0,0,0,0
0.0,0.0,0.0,0.0,0.0,0.11331207305192947,0.0,-1.6210402250289917,0.18880429863929749,-0.0,0.0,1.1518793106079102,0.0,0.0,0.0,0.0,-0.0,0.0,-0.0,0.0,0.0,0.5229789018630981,0.0,1.743262767791748,1.743262767791748,1.743262767791748,0.0,0.0,0.0,0.0,0.0,0,0,0,0
0.0,0.0,0.0,0.0,0.0,0.11319372802972794,0.0,-1.619347095489502,0.1886071264743805,-0.0,0.0,1.1506762504577637,0.0,0.0,0.0,0.0,-0.0,0.0,-0.0,0.0,0.0,0.5224326252937317,0.0,1.7414422035217285,1.7414422035217285,1.7414422035217285,0.0,0.0,0.0,0.0,0.0,0,0,0,0
0.0,0.0,0.0,0.0,0.0,0.11303920298814774,0.0,-1.6171364784240723,0.188349649310112,-0.0,0.0,1.1491055488586426,0.0,0.0,0.0,0.0,-0.0,0.0,-0.0,0.0,0.0,0.5217194557189941,0.0,1.7390648126602173,1.7390648126602173,1.7390648126602173,0.0,0.0,0.0,0.0,0.0,0,0,0,0
0.0,0.0,0.0,0.0,0.0,0.11284907162189484,0.0,-1.614416480064392,0.1880328506231308,-0.0,0.0,1.1471725702285767,0.0,0.0,0.0,0.0,-0.0,0.0,-0.0,0.0,0.0,0.5208419561386108,0.0,1.7361397743225098,1.7361397743225098,1.7361397743225098,0.0,0.0,0.0,0.0,0.0,0,0,0,0
0.0,0.0,0.0,0.0,0.0,0.1126239076256752,0.0,-1.6111953258514404,0.1876576542854309,-0.0,0.0,1.1448837518692017,0.0,0.0,0.0,0.0,-0.0,0.0,-0.0,0.0,0.0,0.5198026895523071,0.0,1.732675552368164,1.732675552368164,1.732675552368164,0.0,0.0,0.0,0.0,0.0,0,0,0,0
0.0,0.0,0.0,0.0,0.0,0.1123642772436142,0.0,-1.6074810028076172,0.18722505867481232,-0.0,0.0,1.1422444581985474,0.0,0.0,0.0,0.0,-0.0,0.0,-0.0,0.0,0.0,0.5186043977737427,0.0,1.7286814451217651,1.7286814451217651,1.7286814451217651,0.0,0.0,0.0,0.0,0.0,0,0,0,0
0.0,0.0,0.0,0.0,0.0,0.11207076907157898,0.0,-1.6032822132110596,0.18673600256443024,-0.0,0.0,1.1392608880996704,0.0,0.0,0.0,0.0,-0.0,0.0,-0.0,0.0,0.0,0.5172497630119324,0.0,1.7241657972335815,1.7241657972335815,1.7241657972335815,0.0,0.0,0.0,0.0,0.0,0,0,0,0
0.0,0.0,0.0,0.0,0.0,0.11174394935369492,0.0,-1.5986065864562988,0.18619143962860107,-0.0,0.0,1.1359384059906006,0.0,0.0,0.0,0.0,-0.0,0.0,-0.0,0.0,0.0,0.5157413482666016,0.0,1.7191377878189087,1.7191377878189087,1.7191377878189087,0.0,0.0,0.0,0.0,0.0,0,0,0,0
0.0,0.0,0.0,0.0,0.0,0.11138439178466797,0.0,-1.5934628248214722,0.18559233844280243,-0.0,0.0,1.132283329963684,0.0,0.0,0.0,0.0,-0.0,0.0,-0.0,0.0,0.0,0.5140818357467651,0.0,1.7136061191558838,1.7136061191558838,1.7136061191558838,0.0,0.0,0.0,0.0,0.0,0,0,0,0
0.0,0.0,0.0,0.0,0.0,0.1109926700592041,0.0,-1.58785879611969,0.1849396526813507,-0.0,0.0,1.1283013820648193,0.0,0.0,0.0,0.0,-0.0,0.0,-0.0,0.0,0.0,0.512273907661438,0.0,1.7075796127319336,1.7075796127319336,1.7075796127319336,0.0,0.0,0.0,0.0,0.0,0,0,0,0
0.0,0.0,0.0,0.0,0.0,0.11056936532258987,0.0,-1.5818029642105103,0.18423430621623993,-0.0,0.0,1.1239981651306152,0.0,0.0,0.0,0.0,-0.0,0.0,-0.0,0.0,0.0,0.5103201866149902,0.0,1.7010672092437744,1.7010672092437744,1.7010672092437744,0.0,0.0,0.0,0.0,0.0,0,0,0,0
0.0,0.0,0.0,0.0,0.0,0.11011504381895065,0.0,-1.575303554534912,0.18347731232643127,-0.0,0.0,1.1193797588348389,0.0,0.0,0.0,0.0,-0.0,0.0,-0.0,0.0,0.0,0.5082233548164368,0.0,1.694077730178833,1.694077730178833,1.694077730178833,0.0,0.0,0.0,0.0,0.0,0,0,0,0
0.0,0.0,0.0,0.0,0.0,0.1096302792429924,0.0,-1.5683685541152954,0.18266957998275757,-0.0,0.0,1.1144518852233887,0.0,0.0,0.0,0.0,-0.0,0.0,-0.0,0.0,0.0,0.5059859156608582,0.0,1.686619758605957,1.686619758605957,1.686619758605957,0.0,0.0,0.0,0.0,0.0,0,0,0,0
0.0,0.0,0.0,0.0,0.0,0.10911565274000168,0.0,-1.5610063076019287,0.1818121075630188,-0.0,0.0,1.1092203855514526,0.0,0.0,0.0,0.0,-0.0,0.0,-0.0,0.0,0.0,0.5036107897758484,0.0,1.6787025928497314,1.6787025928497314,1.6787025928497314,0.0,0.0,0.0,0.0,0.0,0,0,0,0
0.0,0.0,0.0,0.0,0.0,0.10857174545526505,0.0,-1.553225040435791,0.18090581893920898,-0.0,0.0,1.1036913394927979,0.0,0.0,0.0,0.0,-0.0,0.0,-0.0,0.0,0.0,0.5011004209518433,0.0,1.6703345775604248,1.6703345775604248,1.6703345775604248,0.0,0.0,0.0,0.0,0.0,0,0,0,0
0.0,0.0,0.0,0.0,0.0,0.10799910873174667,0.0,-1.5450330972671509,0.17995168268680573,-0.0,0.0,1.097870111465454,0.0,0.0,0.0,0.0,-0.0,0.0,-0.0,0.0,0.0,0.49845749139785767,0.0,1.6615248918533325,1.6615248918533325,1.6615248918533325,0.0,0.0,0.0,0.0,0.0,0,0,0,0
0.0,0.0,0.0,0.0,0.0,0.10739833861589432,0.0,-1.5364384651184082,0.17895065248012543,-0.0,0.0,1.0917630195617676,0.0,0.0,0.0,0.0,-0.0,0.0,-0.0,0.0,0.0,0.4956847131252289,0.0,1.6522823572158813,1.6522823572158813,1.6522823572158813,0.0,0.0,0.0,0.0,0.0,0,0,0,0
0.0,0.0,0.0,0.0,0.0,0.10676999390125275,0.0,-1.527449369430542,0.1779036819934845,-0.0,0.0,1.085375428199768,0.0,0.0,0.0,0.0,-0.0,0.0,-0.0,0.0,0.0,0.49278464913368225,0.0,1.6426154375076294,1.6426154375076294,1.6426154375076294,0.0,0.0,0.0,0.0,0.0,0,0,0,0
0.0,0.0,0.0,0.0,0.0,0.10611465573310852,0.0,-1.5180741548538208,0.17681173980236053,-0.0,0.0,1.0787136554718018,0.0,0.0,0.0,0.0,-0.0,0.0,-0.0,0.0,0.0,0.48976004123687744,0.0,1.6325334310531616,1.6325334310531616,1.6325334310531616,0.0,0.0,0.0,0.0,0.0,0,0,0,0
0.0,0.0,0.0,0.0,0.0,0.1054329052567482,0.0,-1.5083210468292236,0.17567579448223114,-0.0,0.0,1.0717833042144775,0.0,0.0,0.0,0.0,-0.0,0.0,-0.0,0.0,0.0,0.4866134822368622,0.0,1.6220449209213257,1.6220449209213257,1.6220449209213257,0.0,0.0,0.0,0.0,0.0,0,0,0,0
0.0,0.0,0.0,0.0,0.0,0.10472531616687775,0.0,-1.49819815158844,0.17449675500392914,-0.0,0.0,1.0645902156829834,0.0,0.0,0.0,0.0,-0.0,0.0,-0.0,0.0,0.0,0.48334765434265137,0.0,1.6111587285995483,1.6111587285995483,1.6111587285995483,0.0,0.0,0.0,0.0,0.0,0,0,0,0
0.0,0.0,0.0,0.0,0.0,0.10399244725704193,0.0,-1.4877138137817383,0.1732756346464157,-0.0,0.0,1.0571402311325073,0.0,0.0,0.0,0.0,-0.0,0.0,-0.0,0.0,0.0,0.4799652099609375,0.0,1.5998839139938354,1.5998839139938354,1.5998839139938354,0.0,0.0,0.0,0.0,0.0,0,0,0,0
0.0,0.0,0.0,0.0,0.0,0.10323487222194672,0.0,-1.476876139640808,0.17201334238052368,-0.0,0.0,1.0494390726089478,0.0,0.0,0.0,0.0,-0.0,0.0,-0.0,0.0,0.0,0.4764687418937683,0.0,1.5882289409637451,1.5882289409637451,1.5882289409637451,0.0,0.0,0.0,0.0,0.0,0,0,0,0
0.0,0.0,0.0,0.0,0.0,0.10245320200920105,0.0,-1.4656933546066284,0.17071089148521423,-0.0,0.0,1.0414928197860718,0.0,0.0,0.0,0.0,-0.0,0.0,-0.0,0.0,0.0,0.4728609621524811,0.0,1.5762032270431519,1.5762032270431519,1.5762032270431519,0.0,0.0,0.0,0.0,0.0,0,0,0,0
0.0,0.0,0.0,0.0,0.0,0.10164796561002731,0.0,-1.4541736841201782,0.169369176030159,-0.0,0.0,1.0333073139190674,0.0,0.0,0.0,0.0,-0.0,0.0,-0.0,0.0,0.0,0.4691444933414459,0.0,1.5638149976730347,1.5638149976730347,1.5638149976730347,0.0,0.0,0.0,0.0,0.0,0,0,0,0
0.0,0.0,0.0,0.0,0.0,0.10081976652145386,0.0,-1.442325472831726,0.16798920929431915,-0.0,0.0,1.024888038635254,0.0,0.0,0.0,0.0,-0.0,0.0,-0.0,0.0,0.0,0.46532201766967773,0.0,1.5510733127593994,1.5510733127593994,1.5510733127593994,0.0,0.0,0.0,0.0,0.0,0,0,0,0
0.0,0.0,0.0,0.0,0.0,0.09996916353702545,0.0,-1.4301568269729614,0.16657191514968872,-0.0,0.0,1.0162413120269775,0.0,0.0,0.0,0.0,-0.0,0.0,-0.0,0.0,0.0,0.461396187543869,0.0,1.537987232208252,1.537987232208252,1.537987232208252,0.0,0.0,0.0,0.0,0.0,0,0,0,0
0.0,0.0,0.0,0.0,0.0,0.09909672290086746,0.0,-1.4176757335662842,0.16511821746826172,-0.0,0.0,1.007372498512268,0.0,0.0,0.0,0.0,-0.0,0.0,-0.0,0.0,0.0,0.4573695659637451,0.0,1.5245651006698608,1.5245651006698608,1.5245651006698608,0.0,0.0,0.0,0.0,0.0,0,0,0,0
0.0,0.0,0.0,0.0,0.0,0.09820304811000824,0.0,-1.4048908948898315,0.16362915933132172,-0.0,0.0,0.9982877969741821,0.0,0.0,0.0,0.0,-0.0,0.0,-0.0,0.0,0.0,0.4532448947429657,0.0,1.510816216468811,1.510816216468811,1.510816216468811,0.0,0.0,0.0,0.0,0.0,0,0,0,0
0.0,0.0,0.0,0.0,0.0,0.09728869795799255,0.0,-1.3918101787567139,0.16210563480854034,-0.0,0.0,0.9889929294586182,0.0,0.0,0.0,0.0,-0.0,0.0,-0.0,0.0,0.0,0.4490247964859009,0.0,1.4967492818832397,1.4967492818832397,1.4967492818832397,0.0,0.0,0.0,0.0,0.0,0,0,0,0
0.0,0.0,0.0,0.0,0.0,0.09635424613952637,0.0,-1.3784419298171997,0.1605486273765564,-0.0,0.0,0.9794936776161194,0.0,0.0,0.0,0.0,-0.0,0.0,-0.0,0.0,0.0,0.44471195340156555,0.0,1.4823731184005737,1.4823731184005737,1.4823731184005737,0.0,0.0,0.0,0.0,0.0,0,0,0,0
0.0,0.0,0.0,0.0,0.0,0.09540026634931564,0.0,-1.3647942543029785,0.15895907580852509,-0.0,0.0,0.9697959423065186,0.0,0.0,0.0,0.0,-0.0,0.0,-0.0,0.0,0.0,0.44030895829200745,0.0,1.4676965475082397,1.4676965475082397,1.4676965475082397,0.0,0.0,0.0,0.0,0.0,0,0,0,0
0.0,0.0,0.0,0.0,0.0,0.09442732483148575,0.0,-1.3508753776550293,0.15733793377876282,-0.0,0.0,0.9599055051803589,0.0,0.0,0.0,0.0,-0.0,0.0,-0.0,0.0,0.0,0.43581846356391907,0.0,1.452728271484375,1.452728271484375,1.452728271484375,0.0,0.0,0.0,0.0,0.0,0,0,0,0
0.0,0.0,0.0,0.0,0.0,0.09343601763248444,0.0,-1.3366936445236206,0.1556861698627472,-0.0,0.0,0.9498282670974731,0.0,0.0,0.0,0.0,-0.0,0.0,-0.0,0.0,0.0,0.4312431812286377,0.0,1.4374772310256958,1.4374772310256958,1.4374772310256958,0.0,0.0,0.0,0.0,0.0,0,0,0,0
0.0,0.0,0.0,0.0,0.0,0.09242689609527588,0.0,-1.322257399559021,0.15400473773479462,-0.0,0.0,0.9395700693130493,0.0,0.0,0.0,0.0,-0.0,0.0,-0.0,0.0,0.0,0.42658570408821106,0.0,1.4219523668289185,1.4219523668289185,1.4219523668289185,0.0,0.0,0.0,0.0,0.0,0,0,0,0
0.0,0.0,0.0,0.0,0.0,0.09140056371688843,0.0,-1.3075745105743408,0.15229462087154388,-0.0,0.0,0.9291367530822754,0.0,0.0,0.0,0.0,-0.0,0.0,-0.0,0.0,0.0,0.42184877395629883,0.0,1.4061625003814697,1.4061625003814697,1.4061625003814697,0.0,0.0,0.0,0.0,0.0,0,0,0,0
0.0,0.0,0.0,0.0,0.0,0.09035755693912506,0.0,-1.2926534414291382,0.15055672824382782,-0.0,0.0,0.9185340404510498,0.0,0.0,0.0,0.0,-0.0,0.0,-0.0,0.0,0.0,0.41703492403030396,0.0,1.3901163339614868,1.3901163339614868,1.3901163339614868,0.0,0.0,0.0,0.0,0.0,0,0,0,0
0.0,0.0,0.0,0.0,0.0,0.08929846435785294,0.0,-1.2775019407272339,0.14879202842712402,-0.0,0.0,0.9077677726745605,0.0,0.0,0.0,0.0,-0.0,0.0,-0.0,0.0,0.0,0.41214677691459656,0.0,1.373822569847107,1.373822569847107,1.373822569847107,0.0,0.0,0.0,0.0,0.0,0,0,0,0
0.0,0.0,0.0,0.0,0.0,0.0882238820195198,0.0,-1.2621290683746338,0.14700153470039368,-0.0,0.0,0.8968440890312195,0.0,0.0,0.0,0.0,-0.0,0.0,-0.0,0.0,0.0,0.40718719363212585,0.0,1.3572906255722046,1.3572906255722046,1.3572906255722046,0.0,0.0,0.0,0.0,0.0,0,0,0,0
0.0,0.0,0.0,0.0,0.0,0.08713435381650925,0.0,-1.2465423345565796,0.1451861411333084,-0.0,0.0,0.885768473148346,0.0,0.0,0.0,0.0,-0.0,0.0,-0.0,0.0,0.0,0.40215864777565,0.0,1.3405287265777588,1.3405287265777588,1.3405287265777588,0.0,0.0,0.0,0.0,0.0,0,0,0,0
0.0,0.0,0.0,0.0,0.0,0.08603047579526901,0.0,-1.230750322341919,0.14334683120250702,-0.0,0.0,0.8745469450950623,0.0,0.0,0.0,0.0,-0.0,0.0,-0.0,0.0,0.0,0.3970637917518616,0.0,1.323546051979065,1.323546051979065,1.323546051979065,0.0,0.0,0.0,0.0,0.0,0,0,0,0
0.0,0.0,0.0,0.0,0.0,0.08491282165050507,0.0,-1.2147611379623413,0.14148454368114471,-0.0,0.0,0.8631854057312012,0.0,0.0,0.0,0.0,-0.0,0.0,-0.0,0.0,0.0,0.39190536737442017,0.0,1.3063511848449707,1.3063511848449707,1.3063511848449707,0.0,0.0,0.0,0.0,0.0,0,0,0,0
0.0,0.0,0.0,0.0,0.0,0.08378193527460098,0.0,-1.1985827684402466,0.1396002173423767,-0.0,0.0,0.8516892790794373,0.0,0.0,0.0,0.0,-0.0,0.0,-0.0,0.0,0.0,0.38668590784072876,0.0,1.2889530658721924,1.2889530658721924,1.2889530658721924,0.0,0.0,0.0,0.0,0.0,0,0,0,0
0.0,0.0,0.0,0.0,0.0,0.08263842761516571,0.0,-1.1822237968444824,0.13769486546516418,-0.0,0.0,0.8400648832321167,0.0,0.0,0.0,0.0,-0.0,0.0,-0.0,0.0,0.0,0.3814081847667694,0.0,1.2713606357574463,1.2713606357574463,1.2713606357574463,0.0,0.0,0.0,0.0,0.0,0,0,0,0
0.0,0.0,0.0,0.0,0.0,0.08148286491632462,0.0,-1.1656922101974487,0.13576944172382355,-0.0,0.0,0.8283179998397827,0.0,0.0,0.0,0.0,-0.0,0.0,-0.0,0.0,0.0,0.37607482075691223,0.0,1.2535827159881592,1.2535827159881592,1.2535827159881592,0.0,0.0,0.0,0.0,0.0,0,0,0,0
0.0,0.0,0.0,0.0,0.0,0.08031581342220306,0.0,-1.1489964723587036,0.13382485508918762,-0.0,0.0,0.816454291343689,0.0,0.0,0.0,0.0,-0.0,0.0,-0.0,0.0,0.0,0.37068840861320496,0.0,1.2356281280517578,1.2356281280517578,1.2356281280517578,0.0,0.0,0.0,0.0,0.0,0,0,0,0
0.0,0.0,0.0,0.0,0.0,0.07913785427808762,0.0,-1.132144570350647,0.1318621039390564,-0.0,0.0,0.8044796586036682,0.0,0.0,0.0,0.0,-0.0,0.0,-0.0,0.0,0.0,0.36525166034698486,0.0,1.2175055742263794,1.2175055742263794,1.2175055742263794,0.0,0.0,0.0,0.0,0.0,0,0,0,0
0.0,0.0,0.0,0.0,0.0,0.07794953882694244,0.0,-1.1151444911956787,0.1298820823431015,-0.0,0.0,0.7923997640609741,0.0,0.0,0.0,0.0,-0.0,0.0,-0.0,0.0,0.0,0.3597671091556549,0.0,1.1992237567901611,1.1992237567901611,1.1992237567901611,0.0,0.0,0.0,0.0,0.0,0,0,0,0
0.0,0.0,0.0,0.0,0.0,0.0767514705657959,0.0,-1.098004937171936,0.1278858184814453,-0.0,0.0,0.7802207469940186,0.0,0.0,0.0,0.0,-0.0,0.0,-0.0,0.0,0.0,0.3542375862598419,0.0,1.1807918548583984,1.1807918548583984,1.1807918548583984,0.0,0.0,0.0,0.0,0.0,0,0,0,0
0.0,0.0,0.0,0.0,0.0,0.07554421573877335,0.0,-1.0807340145111084,0.12587426602840424,-0.0,0.0,0.7679483890533447,0.0,0.0,0.0,0.0,-0.0,0.0,-0.0,0.0,0.0,0.34866565465927124,0.0,1.1622188091278076,1.1622188091278076,1.1622188091278076,0.0,0.0,0.0,0.0,0.0,0,0,0,0
0.0,0.0,0.0,0.0,0.0,0.07432834804058075,0.0,-1.0633398294448853,0.1238483414053917,-0.0,0.0,0.7555883526802063,0.0,0.0,0.0,0.0,-0.0,0.0,-0.0,0.0,0.0,0.343053936958313,0.0,1.1435130834579468,1.1435130834579468,1.1435130834579468,0.0,0.0,0.0,0.0,0.0,0,0,0,0
0.0,0.0,0.0,0.0,0.0,0.07310442626476288,0.0,-1.045830488204956,0.12180901318788528,-0.0,0.0,0.7431465983390808,0.0,0.0,0.0,0.0,-0.0,0.0,-0.0,0.0,0.0,0.33740508556365967,0.0,1.1246836185455322,1.1246836185455322,1.1246836185455322,0.0,0.0,0.0,0.0,0.0,0,0,0,0
0.0,0.0,0.0,0.0,0.0,0.07187304645776749,0.0,-1.0282143354415894,0.11975723505020142,-0.0,0.0,0.7306289076805115,0.0,0.0,0.0,0.0,-0.0,0.0,-0.0,0.0,0.0,0.33172178268432617,0.0,1.1057392358779907,1.1057392358779907,1.1057392358779907,0.0,0.0,0.0,0.0,0.0,0,0,0,0
0.0,0.0,0.0,0.0,0.0,0.07063477486371994,0.0,-1.0104997158050537,0.11769399046897888,-0.0,0.0,0.718041181564331,0.0,0.0,0.0,0.0,-0.0,0.0,-0.0,0.0,0.0,0.326006680727005,0.0,1.0866889953613281,1.0866889953613281,1.0866889953613281,0.0,0.0,0.0,0.0,0.0,0,0,0,0
0.0,0.0,0.0,0.0,0.0,0.0693901926279068,0.0,-0.9926946759223938,0.11562022566795349,-0.0,0.0,0.7053893208503723,0.0,0.0,0.0,0.0,-0.0,0.0,-0.0,0.0,0.0,0.32026243209838867,0.0,1.0675413608551025,1.0675413608551025,1.0675413608551025,0.0,0.0,0.0,0.0,0.0,0,0,0,0
0.0,0.0,0.0,0.0,0.0,0.06813986599445343,0.0,-0.9748075008392334,0.11353687942028046,-0.0,0.0,0.6926790475845337,0.0,0.0,0.0,0.0,-0.0,0.0,-0.0,0.0,0.0,0.3144916892051697,0.0,1.048305630683899,1.048305630683899,1.048305630683899,0.0,0.0,0.0,0.0,0.0,0,0,0,0
0.0,0.0,0.0,0.0,0.0,0.0668843686580658,0.0,-0.9568463563919067,0.11144493520259857,-0.0,0.0,0.6799162030220032,0.0,0.0,0.0,0.0,-0.0,0.0,-0.0,0.0,0.0,0.3086971044540405,0.0,1.0289902687072754,1.0289902687072754,1.0289902687072754,0.0,0.0,0.0,0.0,0.0,0,0,0,0
0.0,0.0,0.0,0.0,0.0,0.06562425196170807,0.0,-0.9388192892074585,0.10934529453516006,-0.0,0.0,0.6671065092086792,0.0,0.0,0.0,0.0,-0.0,0.0,-0.0,0.0,0.0,0.3028812110424042,0.0,1.0096039772033691,1.0096039772033691,1.0096039772033691,0.0,0.0,0.0,0.0,0.0,0,0,0,0
0.0,0.0,0.0,0.0,0.0,0.06436014175415039,0.0,-0.9207350015640259,0.10723899304866791,-0.0,0.0,0.6542561054229736,0.0,0.0,0.0,0.0,-0.0,0.0,-0.0,0.0,0.0,0.29704684019088745,0.0,0.9901561737060547,0.9901561737060547,0.9901561737060547,0.0,0.0,0.0,0.0,0.0,0,0,0,0
0.0,0.0,0.0,0.0,0.0,0.06309258937835693,0.0,-0.9026012420654297,0.10512693971395493,-0.0,0.0,0.6413706541061401,0.0,0.0,0.0,0.0,-0.0,0.0,-0.0,0.0,0.0,0.2911965847015381,0.0,0.9706551432609558,0.9706551432609558,0.9706551432609558,0.0,0.0,0.0,0.0,0.0,0,0,0,0
0.0,0.0,0.0,0.0,0.0,0.06182215362787247,0.0,-0.884426474571228,0.10301011800765991,-0.0,0.0,0.6284560561180115,0.0,0.0,0.0,0.0,-0.0,0.0,-0.0,0.0,0.0,0.2853330373764038,0.0,0.9511101245880127,0.9511101245880127,0.9511101245880127,0.0,0.0,0.0,0.0,0.0,0,0,0,0
0.0,0.0,0.0,0.0,0.0,0.060549430549144745,0.0,-0.8662189245223999,0.10088945925235748,-0.0,0.0,0.6155180931091309,0.0,0.0,0.0,0.0,-0.0,0.0,-0.0,0.0,0.0,0.2794589400291443,0.0,0.9315297603607178,0.9315297603607178,0.9315297603607178,0.0,0.0,0.0,0.0,0.0,0,0,0,0
0.0,0.0,0.0,0.0,0.0,0.059274960309267044,0.0,-0.8479864597320557,0.09876590967178345,-0.0,0.0,0.6025624871253967,0.0,0.0,0.0,0.0,-0.0,0.0,-0.0,0.0,0.0,0.2735767960548401,0.0,0.9119225740432739,0.9119225740432739,0.9119225740432739,0.0,0.0,0.0,0.0,0.0,0,0,0,0
0.0,0.0,0.0,0.0,0.0,0.05799935758113861,0.0,-0.8297377824783325,0.0966404527425766,-0.0,0.0,0.5895952582359314,0.0,0.0,0.0,0.0,-0.0,0.0,-0.0,0.0,0.0,0.26768937706947327,0.0,0.8922978639602661,0.8922978639602661,0.8922978639602661,0.0,0.0,0.0,0.0,0.0,0,0,0,0
0.0,0.0,0.0,0.0,0.0,0.05672318488359451,0.0,-0.8114808201789856,0.09451404958963394,-0.0,0.0,0.5766222476959229,0.0,0.0,0.0,0.0,-0.0,0.0,-0.0,0.0,0.0,0.26179933547973633,0.0,0.8726644515991211,0.8726644515991211,0.8726644515991211,0.0,0.0,0.0,0.0,0.0,0,0,0,0
0.0,0.0,0.0,0.0,0.0,0.05544702708721161,0.0,-0.7932240962982178,0.09238766133785248,-0.0,0.0,0.5636494159698486,0.0,0.0,0.0,0.0,-0.0,0.0,-0.0,0.0,0.0,0.25590935349464417,0.0,0.8530311584472656,0.8530311584472656,0.8530311584472656,0.0,0.0,0.0,0.0,0.0,0,0,0,0
0.0,0.0,0.0,0.0,0.0,0.05417142063379288,0.0,-0.7749752402305603,0.09026220440864563,-0.0,0.0,0.5506821870803833,0.0,0.0,0.0,0.0,-0.0,0.0,-0.0,0.0,0.0,0.2500219941139221,0.0,0.8334065079689026,0.8334065079689026,0.8334065079689026,0.0,0.0,0.0,0.0,0.0,0,0,0,0
0.0,0.0,0.0,0.0,0.0,0.05289694666862488,0.0,-0.7567427158355713,0.0881386548280716,-0.0,0.0,0.5377264618873596,0.0,0.0,0.0,0.0,-0.0,0.0,-0.0,0.0,0.0,0.24413979053497314,0.0,0.813799262046814,0.813799262046814,0.813799262046814,0.0,0.0,0.0,0.0,0.0,0,0,0,0
0.0,0.0,0.0,0.0,0.0,0.051624227315187454,0.0,-0.7385352253913879,0.08601800352334976,-0.0,0.0,0.5247886180877686,0.0,0.0,0.0,0.0,-0.0,0.0,-0.0,0.0,0.0,0.23826569318771362,0.0,0.7942190170288086,0.7942190170288086,0.7942190170288086,0.0,0.0,0.0,0.0,0.0,0,0,0,0
0.0,0.0,0.0,0.0,0.0,0.050353799015283585,0.0,-0.7203603982925415,0.08390116691589355,-0.0,0.0,0.5118739604949951,0.0,0.0,0.0,0.0,-0.0,0.0,-0.0,0.0,0.0,0.23240217566490173,0.0,0.7746738195419312,0.7746738195419312,0.7746738195419312,0.0,0.0,0.0,0.0,0.0,0,0,0,0
0.0,0.0,0.0,0.0,0.0,0.04908623546361923,0.0,-0.7022266983985901,0.08178911358118057,-0.0,0.0,0.498988538980484,0.0,0.0,0.0,0.0,-0.0,0.0,-0.0,0.0,0.0,0.22655190527439117,0.0,0.7551729083061218,0.7551729083061218,0.7551729083061218,0.0,0.0,0.0,0.0,0.0,0,0,0,0
0.0,0.0,0.0,0.0,0.0,0.047822125256061554,0.0,-0.6841424107551575,0.07968280464410782,-0.0,0.0,0.48613810539245605,0.0,0.0,0.0,0.0,-0.0,0.0,-0.0,0.0,0.0,0.22071753442287445,0.0,0.7357250452041626,0.7357250452041626,0.7357250452041626,0.0,0.0,0.0,0.0,0.0,0,0,0,0
0.0,0.0,0.0,0.0,0.0,0.04656202346086502,0.0,-0.6661153435707092,0.0775831863284111,-0.0,0.0,0.47332847118377686,0.0,0.0,0.0,0.0,-0.0,0.0,-0.0,0.0,0.0,0.2149016559123993,0.0,0.7163388729095459,0.7163388729095459,0.7163388729095459,0.0,0.0,0.0,0.0,0.0,0,0,0,0
0.0,0.0,0.0,0.0,0.0,0.04530651122331619,0.0,-0.648154079914093,0.07549121230840683,-0.0,0.0,0.4605655074119568,0.0,0.0,0.0,0.0,-0.0,0.0,-0.0,0.0,0.0,0.20910704135894775,0.0,0.697023332118988,0.697023332118988,0.697023332118988,0.0,0.0,0.0,0.0,0.0,0,0,0,0
0.0,0.0,0.0,0.0,0.0,0.04405619204044342,0.0,-0.6302669048309326,0.07340787351131439,-0.0,0.0,0.4478553235530853,0.0,0.0,0.0,0.0,-0.0,0.0,-0.0,0.0,0.0,0.20333628356456757,0.0,0.6777875423431396,0.6777875423431396,0.6777875423431396,0.0,0.0,0.0,0.0,0.0,0,0,0,0
0.0,0.0,0.0,0.0,0.0,0.042811598628759384,0.0,-0.6124619245529175,0.0713341012597084,-0.0,0.0,0.4352034628391266,0.0,0.0,0.0,0.0,-0.0,0.0,-0.0,0.0,0.0,0.19759203493595123,0.0,0.6586400866508484,0.6586400866508484,0.6586400866508484,0.0,0.0,0.0,0.0,0.0,0,0,0,0
0.0,0.0,0.0,0.0,0.0,0.04157334193587303,0.0,-0.5947473645210266,0.06927087903022766,-0.0,0.0,0.42261576652526855,0.0,0.0,0.0,0.0,-0.0,0.0,-0.0,0.0,0.0,0.19187697768211365,0.0,0.6395899057388306,0.6395899057388306,0.6395899057388306,0.0,0.0,0.0,0.0,0.0,0,0,0,0
0.0,0.0,0.0,0.0,0.0,0.04034194350242615,0.0,-0.5771310925483704,0.0672190859913826,-0.0,0.0,0.41009804606437683,0.0,0.0,0.0,0.0,-0.0,0.0,-0.0,0.0,0.0,0.18619360029697418,0.0,0.6206453442573547,0.6206453442573547,0.6206453442573547,0.0,0.0,0.0,0.0,0.0,0,0,0,0
0.0,0.0,0.0,0.0,0.0,0.03911805525422096,0.0,-0.5596221089363098,0.06517978757619858,-0.0,0.0,0.39765650033950806,0.0,0.0,0.0,0.0,-0.0,0.0,-0.0,0.0,0.0,0.1805448979139328,0.0,0.6018161773681641,0.6018161773681641,0.6018161773681641,0.0,0.0,0.0,0.0,0.0,0,0,0,0
0.0,0.0,0.0,0.0,0.0,0.03790217265486717,0.0,-0.5422277450561523,0.06315386295318604,-0.0,0.0,0.3852962851524353,0.0,0.0,0.0,0.0,-0.0,0.0,-0.0,0.0,0.0,0.17493313550949097,0.0,0.5831103920936584,0.5831103920936584,0.5831103920936584,0.0,0.0,0.0,0.0,0.0,0,0,0,0
0.0,0.0,0.0,0.0,0.0,0.03669488802552223,0.0,-0.524956464767456,0.06114225089550018,-0.0,0.0,0.37302374839782715,0.0,0.0,0.0,0.0,-0.0,0.0,-0.0,0.0,0.0,0.16936108469963074,0.0,0.564536988735199,0.564536988735199,0.564536988735199,0.0,0.0,0.0,0.0,0.0,0,0,0,0
0.0,0.0,0.0,0.0,0.0,0.03549685701727867,0.0,-0.507817268371582,0.05914601683616638,-0.0,0.0,0.3608449101448059,0.0,0.0,0.0,0.0,-0.0,0.0,-0.0,0.0,0.0,0.16383159160614014,0.0,0.5461055040359497,0.5461055040359497,0.5461055040359497,0.0,0.0,0.0,0.0,0.0,0,0,0,0
0.0,0.0,0.0,0.0,0.0,0.0343085378408432,0.0,-0.49081724882125854,0.05716601014137268,-0.0,0.0,0.3487650156021118,0.0,0.0,0.0,0.0,-0.0,0.0,-0.0,0.0,0.0,0.15834710001945496,0.0,0.5278236865997314,0.5278236865997314,0.5278236865997314,0.0,0.0,0.0,0.0,0.0,0,0,0,0
0.0,0.0,0.0,0.0,0.0,0.03313057869672775,0.0,-0.47396546602249146,0.055203258991241455,-0.0,0.0,0.33679044246673584,0.0,0.0,0.0,0.0,-0.0,0.0,-0.0,0.0,0.0,0.15291038155555725,0.0,0.509701132774353,0.509701132774353,0.509701132774353,0.0,0.0,0.0,0.0,0.0,0,0,0,0
0.0,0.0,0.0,0.0,0.0,0.031963519752025604,0.0,-0.45726943016052246,0.05325866490602493,-0.0,0.0,0.32492661476135254,0.0,0.0,0.0,0.0,-0.0,0.0,-0.0,0.0,0.0,0.1475239098072052,0.0,0.4917464852333069,0.4917464852333069,0.4917464852333069,0.0,0.0,0.0,0.0,0.0,0,0,0,0
0.0,0.0,0.0,0.0,0.0,0.03080793470144272,0.0,-0.4407377243041992,0.05133318901062012,-0.0,0.0,0.31317949295043945,0.0,0.0,0.0,0.0,-0.0,0.0,-0.0,0.0,0.0,0.14219048619270325,0.0,0.4739683270454407,0.4739683270454407,0.4739683270454407,0.0,0.0,0.0,0.0,0.0,0,0,0,0
0.0,0.0,0.0,0.0,0.0,0.02966444194316864,0.0,-0.4243788719177246,0.04942786693572998,-0.0,0.0,0.30155521631240845,0.0,0.0,0.0,0.0,-0.0,0.0,-0.0,0.0,0.0,0.13691282272338867,0.0,0.4563760757446289,0.4563760757446289,0.4563760757446289,0.0,0.0,0.0,0.0,0.0,0,0,0,0
0.0,0.0,0.0,0.0,0.0,0.028533555567264557,0.0,-0.40820056200027466,0.04754354804754257,-0.0,0.0,0.2900592088699341,0.0,0.0,0.0,0.0,-0.0,0.0,-0.0,0.0,0.0,0.13169339299201965,0.0,0.43897783756256104,0.43897783756256104,0.43897783756256104,0.0,0.0,0.0,0.0,0.0,0,0,0,0
0.0,0.0,0.0,0.0,0.0,0.027415916323661804,0.0,-0.39221155643463135,0.04568129777908325,-0.0,0.0,0.2786979079246521,0.0,0.0,0.0,0.0,-0.0,0.0,-0.0,0.0,0.0,0.12653502821922302,0.0,0.42178332805633545,0.42178332805633545,0.42178332805633545,0.0,0.0,0.0,0.0,0.0,0,0,0,0
0.0,0.0,0.0,0.0,0.0,0.02631201595067978,0.0,-0.3764193058013916,0.04384194314479828,-0.0,0.0,0.26747602224349976,0.0,0.0,0.0,0.0,-0.0,0.0,-0.0,0.0,0.0,0.1214401125907898,0.0,0.40480029582977295,0.40480029582977295,0.40480029582977295,0.0,0.0,0.0,0.0,0.0,0,0,0,0
0.0,0.0,0.0,0.0,0.0,0.025222480297088623,0.0,-0.36083245277404785,0.04202653467655182,-0.0,0.0,0.256400465965271,0.0,0.0,0.0,0.0,-0.0,0.0,-0.0,0.0,0.0,0.11641150712966919,0.0,0.38803839683532715,0.38803839683532715,0.38803839683532715,0.0,0.0,0.0,0.0,0.0,0,0,0,0
0.0,0.0,0.0,0.0,0.0,0.024147920310497284,0.0,-0.3454596996307373,0.04023607075214386,-0.0,0.0,0.24547690153121948,0.0,0.0,0.0,0.0,-0.0,0.0,-0.0,0.0,0.0,0.11145195364952087,0.0,0.37150657176971436,0.37150657176971436,0.37150657176971436,0.0,0.0,0.0,0.0,0.0,0,0,0,0
0.0,0.0,0.0,0.0,0.0,0.02308882772922516,0.0,-0.33030831813812256,0.038471370935440063,-0.0,0.0,0.2347104549407959,0.0,0.0,0.0,0.0,-0.0,0.0,-0.0,0.0,0.0,0.10656377673149109,0.0,0.35521256923675537,0.35521256923675537,0.35521256923675537,0.0,0.0,0.0,0.0,0.0,0,0,0,0
0.0,0.0,0.0,0.0,0.0,0.022045835852622986,0.0,-0.3153873682022095,0.03673352301120758,-0.0,0.0,0.2241080403327942,0.0,0.0,0.0,0.0,-0.0,0.0,-0.0,0.0,0.0,0.10175001621246338,0.0,0.3391667604446411,0.3391667604446411,0.3391667604446411,0.0,0.0,0.0,0.0,0.0,0,0,0,0
0.0,0.0,0.0,0.0,0.0,0.021019496023654938,0.0,-0.30070436000823975,0.03502337634563446,-0.0,0.0,0.2136746048927307,0.0,0.0,0.0,0.0,-0.0,0.0,-0.0,0.0,0.0,0.09701302647590637,0.0,0.3233766555786133,0.3233766555786133,0.3233766555786133,0.0,0.0,0.0,0.0,0.0,0,0,0,0
0.0,0.0,0.0,0.0,0.0,0.020010359585285187,0.0,-0.28626787662506104,0.0333419144153595,-0.0,0.0,0.2034163475036621,0.0,0.0,0.0,0.0,-0.0,0.0,-0.0,0.0,0.0,0.09235551953315735,0.0,0.30785179138183594,0.30785179138183594,0.30785179138183594,0.0,0.0,0.0,0.0,0.0,0,0,0,0
0.0,0.0,0.0,0.0,0.0,0.01901905983686447,0.0,-0.2720862627029419,0.031690165400505066,-0.0,0.0,0.19333910942077637,0.0,0.0,0.0,0.0,-0.0,0.0,-0.0,0.0,0.0,0.08778023719787598,0.0,0.29260075092315674,0.29260075092315674,0.29260075092315674,0.0,0.0,0.0,0.0,0.0,0,0,0,0
0.0,0.0,0.0,0.0,0.0,0.018046118319034576,0.0,-0.2581673860549927,0.03006903827190399,-0.0,0.0,0.18344861268997192,0.0,0.0,0.0,0.0,-0.0,0.0,-0.0,0.0,0.0,0.08328977227210999,0.0,0.27763259410858154,0.27763259410858154,0.27763259410858154,0.0,0.0,0.0,0.0,0.0,0,0,0,0
0.0,0.0,0.0,0.0,0.0,0.017092160880565643,0.0,-0.24451994895935059,0.028479531407356262,-0.0,0.0,0.17375105619430542,0.0,0.0,0.0,0.0,-0.0,0.0,-0.0,0.0,0.0,0.07888686656951904,0.0,0.2629561424255371,0.2629561424255371,0.2629561424255371,0.0,0.0,0.0,0.0,0.0,0,0,0,0
0.0,0.0,0.0,0.0,0.0,0.016157686710357666,0.0,-0.23115170001983643,0.02692246437072754,-0.0,0.0,0.1642516851425171,0.0,0.0,0.0,0.0,-0.0,0.0,-0.0,0.0,0.0,0.07457396388053894,0.0,0.24857985973358154,0.24857985973358154,0.24857985973358154,0.0,0.0,0.0,0.0,0.0,0,0,0,0
0.0,0.0,0.0,0.0,0.0,0.015243329107761383,0.0,-0.2180708646774292,0.025398939847946167,-0.0,0.0,0.15495681762695312,0.0,0.0,0.0,0.0,-0.0,0.0,-0.0,0.0,0.0,0.07035380601882935,0.0,0.2345128059387207,0.2345128059387207,0.2345128059387207,0.0,0.0,0.0,0.0,0.0,0,0,0,0
0.0,0.0,0.0,0.0,0.0,0.014349669218063354,0.0,-0.20528602600097656,0.023909881711006165,-0.0,0.0,0.1458723545074463,0.0,0.0,0.0,0.0,-0.0,0.0,-0.0,0.0,0.0,0.06622925400733948,0.0,0.22076416015625,0.22076416015625,0.22076416015625,0.0,0.0,0.0,0.0,0.0,0,0,0,0
0.0,0.0,0.0,0.0,0.0,0.013477228581905365,0.0,-0.19280493259429932,0.022456198930740356,-0.0,0.0,0.13700330257415771,0.0,0.0,0.0,0.0,-0.0,0.0,-0.0,0.0,0.0,0.062202632427215576,0.0,0.20734179019927979,0.20734179019927979,0.20734179019927979,0.0,0.0,0.0,0.0,0.0,0,0,0,0
0.0,0.0,0.0,0.0,0.0,0.012626640498638153,0.0,-0.18063640594482422,0.021038934588432312,-0.0,0.0,0.1283566951751709,0.0,0.0,0.0,0.0,-0.0,0.0,-0.0,0.0,0.0,0.05827677249908447,0.0,0.19425594806671143,0.19425594806671143,0.19425594806671143,0.0,0.0,0.0,0.0,0.0,0,0,0,0
0.0,0.0,0.0,0.0,0.0,0.01179841160774231,0.0,-0.16878783702850342,0.019658908247947693,-0.0,0.0,0.11993730068206787,0.0,0.0,0.0,0.0,-0.0,0.0,-0.0,0.0,0.0,0.054454267024993896,0.0,0.18151414394378662,0.18151414394378662,0.18151414394378662,0.0,0.0,0.0,0.0,0.0,0,0,0,0
0.0,0.0,0.0,0.0,0.0,0.010993190109729767,0.0,-0.15726816654205322,0.018317222595214844,-0.0,0.0,0.11175167560577393,0.0,0.0,0.0,0.0,-0.0,0.0,-0.0,0.0,0.0,0.05073779821395874,0.0,0.16912591457366943,0.16912591457366943,0.16912591457366943,0.0,0.0,0.0,0.0,0.0,0,0,0,0
0.0,0.0,0.0,0.0,0.0,0.010211504995822906,0.0,-0.14608561992645264,0.0170147567987442,-0.0,0.0,0.10380566120147705,0.0,0.0,0.0,0.0,-0.0,0.0,-0.0,0.0,0.0,0.047130048274993896,0.0,0.15710008144378662,0.15710008144378662,0.15710008144378662,0.0,0.0,0.0,0.0,0.0,0,0,0,0
0.0,0.0,0.0,0.0,0.0,0.00945395976305008,0.0,-0.13524794578552246,0.015752464532852173,-0.0,0.0,0.09610462188720703,0.0,0.0,0.0,0.0,-0.0,0.0,-0.0,0.0,0.0,0.04363363981246948,0.0,0.14544522762298584,0.14544522762298584,0.14544522762298584,0.0,0.0,0.0,0.0,0.0,0,0,0,0
0.0,0.0,0.0,0.0,0.0,0.00872107595205307,0.0,-0.12476348876953125,0.014531359076499939,-0.0,0.0,0.0886545181274414,0.0,0.0,0.0,0.0,-0.0,0.0,-0.0,0.0,0.0,0.040251195430755615,0.0,0.1341705322265625,0.1341705322265625,0.1341705322265625,0.0,0.0,0.0,0.0,0.0,0,0,0,0
0.0,0.0,0.0,0.0,0.0,0.008013486862182617,0.0,-0.11464059352874756,0.013352319598197937,-0.0,0.0,0.08146142959594727,0.0,0.0,0.0,0.0,-0.0,0.0,-0.0,0.0,0.0,0.03698527812957764,0.0,0.1232842206954956,0.1232842206954956,0.1232842206954956,0.0,0.0,0.0,0.0,0.0,0,0,0,0
0.0,0.0,0.0,0.0,0.0,0.007331714034080505,0.0,-0.10488748550415039,0.012216374278068542,-0.0,0.0,0.0745309591293335,0.0,0.0,0.0,0.0,-0.0,0.0,-0.0,0.0,0.0,0.03383868932723999,0.0,0.11279571056365967,0.11279571056365967,0.11279571056365967,0.0,0.0,0.0,0.0,0.0,0,0,0,0
0.0,0.0,0.0,0.0,0.0,0.006676390767097473,0.0,-0.09551239013671875,0.01112443208694458,-0.0,0.0,0.06786930561065674,0.0,0.0,0.0,0.0,-0.0,0.0,-0.0,0.0,0.0,0.030814170837402344,0.0,0.10271382331848145,0.10271382331848145,0.10271382331848145,0.0,0.0,0.0,0.0,0.0,0,0,0,0
0.0,0.0,0.0,0.0,0.0,0.006048038601875305,0.0,-0.08652329444885254,0.010077476501464844,-0.0,0.0,0.06148183345794678,0.0,0.0,0.0,0.0,-0.0,0.0,-0.0,0.0,0.0,0.027914106845855713,0.0,0.0930471420288086,0.0930471420288086,0.0930471420288086,0.0,0.0,0.0,0.0,0.0,0,0,0,0
0.0,0.0,0.0,0.0,0.0,0.005447283387184143,0.0,-0.07792854309082031,0.009076446294784546,-0.0,0.0,0.055374741554260254,0.0,0.0,0.0,0.0,-0.0,0.0,-0.0,0.0,0.0,0.02514129877090454,0.0,0.08380436897277832,0.08380436897277832,0.08380436897277832,0.0,0.0,0.0,0.0,0.0,0,0,0,0
0.0,0.0,0.0,0.0,0.0,0.004874631762504578,0.0,-0.06973671913146973,0.008122295141220093,-0.0,0.0,0.049553513526916504,0.0,0.0,0.0,0.0,-0.0,0.0,-0.0,0.0,0.0,0.022498369216918945,0.0,0.07499480247497559,0.07499480247497559,0.07499480247497559,0.0,0.0,0.0,0.0,0.0,0,0,0,0
0.0,0.0,0.0,0.0,0.0,0.004330724477767944,0.0,-0.06195521354675293,0.007215976715087891,-0.0,0.0,0.04402422904968262,0.0,0.0,0.0,0.0,-0.0,0.0,-0.0,0.0,0.0,0.019987940788269043,0.0,0.06662678718566895,0.06662678718566895,0.06662678718566895,0.0,0.0,0.0,0.0,0.0,0,0,0,0
0.0,0.0,0.0,0.0,0.0,0.0038160979747772217,0.0,-0.05459308624267578,0.006358534097671509,-0.0,0.0,0.03879272937774658,0.0,0.0,0.0,0.0,-0.0,0.0,-0.0,0.0,0.0,0.017612755298614502,0.0,0.05870938301086426,0.05870938301086426,0.05870938301086426,0.0,0.0,0.0,0.0,0.0,0,0,0,0
0.0,0.0,0.0,0.0,0.0,0.0033313333988189697,0.0,-0.047658443450927734,0.00555083155632019,-0.0,0.0,0.03386509418487549,0.0,0.0,0.0,0.0,-0.0,0.0,-0.0,0.0,0.0,0.015375494956970215,0.0,0.051251888275146484,0.051251888275146484,0.051251888275146484,0.0,0.0,0.0,0.0,0.0,0,0,0,0
0.0,0.0,0.0,0.0,0.0,0.0028770416975021362,0.0,-0.04115867614746094,0.004793822765350342,-0.0,0.0,0.02924656867980957,0.0,0.0,0.0,0.0,-0.0,0.0,-0.0,0.0,0.0,0.013278603553771973,0.0,0.04426217079162598,0.04426217079162598,0.04426217079162598,0.0,0.0,0.0,0.0,0.0,0,0,0,0
0.0,0.0,0.0,0.0,0.0,0.002453729510307312,0.0,-0.03510308265686035,0.004088491201400757,-0.0,0.0,0.02494359016418457,0.0,0.0,0.0,0.0,-0.0,0.0,-0.0,0.0,0.0,0.011324882507324219,0.0,0.0377497673034668,0.0377497673034668,0.0377497673034668,0.0,0.0,0.0,0.0,0.0,0,0,0,0
0.0,0.0,0.0,0.0,0.0,0.002061992883682251,0.0,-0.029498815536499023,0.003435790538787842,-0.0,0.0,0.020961403846740723,0.0,0.0,0.0,0.0,-0.0,0.0,-0.0,0.0,0.0,0.00951695442199707,0.0,0.0317230224609375,0.0317230224609375,0.0317230224609375,0.0,0.0,0.0,0.0,0.0,0,0,0,0
0.0,0.0,0.0,0.0,0.0,0.001702427864074707,0.0,-0.024355411529541016,0.002836674451828003,-0.0,0.0,0.01730632781982422,0.0,0.0,0.0,0.0,-0.0,0.0,-0.0,0.0,0.0,0.00785738229751587,0.0,0.02619147300720215,0.02619147300720215,0.02619147300720215,0.0,0.0,0.0,0.0,0.0,0,0,0,0
0.0,0.0,0.0,0.0,0.0,0.001375630497932434,0.0,-0.019679546356201172,0.0022920966148376465,-0.0,0.0,0.013983845710754395,0.0,0.0,0.0,0.0,-0.0,0.0,-0.0,0.0,0.0,0.006349086761474609,0.0,0.021163225173950195,0.021163225173950195,0.021163225173950195,0.0,0.0,0.0,0.0,0.0,0,0,0,0
0.0,0.0,0.0,0.0,0.0,0.001082092523574829,0.0,-0.015480756759643555,0.0018030405044555664,-0.0,0.0,0.01100015640258789,0.0,0.0,0.0,0.0,-0.0,0.0,-0.0,0.0,0.0,0.004994332790374756,0.0,0.016648054122924805,0.016648054122924805,0.016648054122924805,0.0,0.0,0.0,0.0,0.0,0,0,0,0
0.0,0.0,0.0,0.0,0.0,0.0008224695920944214,0.0,-0.011766195297241211,0.0013704895973205566,-0.0,0.0,0.008360981941223145,0.0,0.0,0.0,0.0,-0.0,0.0,-0.0,0.0,0.0,0.003796100616455078,0.0,0.012653827667236328,0.012653827667236328,0.012653827667236328,0.0,0.0,0.0,0.0,0.0,0,0,0,0
0.0,0.0,0.0,0.0,0.0,0.0005973130464553833,0.0,-0.008545160293579102,0.000995248556137085,-0.0,0.0,0.006071805953979492,0.0,0.0,0.0,0.0,-0.0,0.0,-0.0,0.0,0.0,0.002756774425506592,0.0,0.009189367294311523,0.009189367294311523,0.009189367294311523,0.0,0.0,0.0,0.0,0.0,0,0,0,0
0.0,0.0,0.0,0.0,0.0,0.0004071742296218872,0.0,-0.0058252811431884766,0.0006785094738006592,-0.0,0.0,0.0041391849517822266,0.0,0.0,0.0,0.0,-0.0,0.0,-0.0,0.0,0.0,0.0018793344497680664,0.0,0.006264686584472656,0.006264686584472656,0.006264686584472656,0.0,0.0,0.0,0.0,0.0,0,0,0,0
0.0,0.0,0.0,0.0,0.0,0.0002526789903640747,0.0,-0.003614664077758789,0.0004210174083709717,-0.0,0.0,0.002568483352661133,0.0,0.0,0.0,0.0,-0.0,0.0,-0.0,0.0,0.0,0.0011661648750305176,0.0,0.0038874149322509766,0.0038874149322509766,0.0038874149322509766,0.0,0.0,0.0,0.0,0.0,0,0,0,0
0.0,0.0,0.0,0.0,0.0,0.00013433396816253662,0.0,-0.0019214153289794922,0.0002238154411315918,-0.0,0.0,0.0013654232025146484,0.0,0.0,0.0,0.0,-0.0,0.0,-0.0,0.0,0.0,0.0006200075149536133,0.0,0.002066373825073242,0.002066373825073242,0.002066373825073242,0.0,0.0,0.0,0.0,0.0,0,0,0,0
0.0,0.0,0.0,0.0,0.0,5.2735209465026855e-05,0.0,-0.0007543563842773438,8.788704872131348e-05,-0.0,0.0,0.0005359649658203125,0.0,0.0,0.0,0.0,-0.0,0.0,-0.0,0.0,0.0,0.0002434253692626953,0.0,0.0008113384246826172,0.0008113384246826172,0.0008113384246826172,0.0,0.0,0.0,0.0,0.0,0,0,0,0
0.0,0.0,0.0,0.0,0.0,8.478760719299316e-06,0.0,-0.00012159347534179688,1.4126300811767578e-05,-0.0,0.0,8.606910705566406e-05,0.0,0.0,0.0,0.0,-0.0,0.0,-0.0,0.0,0.0,3.910064697265625e-05,0.0,0.00013065338134765625,0.00013065338134765625,0.00013065338134765625,0.0,0.0,0.0,0.0,0.0,0,0,0,0
0.0,0.0,0.0,0.0,0.0,0.0,0.0,0.0,0.0,-0.0,0.0,-0.0,0.0,0.0,0.0,0.0,-0.0,0.0,-0.0,0.0,0.0,0.0,0.0,0.0,0.0,0.0,0.0,0.0,0.0,0.0,0.0,0,0,0,0
0.0,0.0,0.0,0.0,0.0,0.0,0.0,0.0,0.0,-0.0,0.0,-0.0,0.0,0.0,0.0,0.0,-0.0,0.0,-0.0,0.0,0.0,0.0,0.0,0.0,0.0,0.0,0.0,0.0,0.0,0.0,0.0,0,0,0,0
0.0,0.0,0.0,0.0,0.0,0.0,0.0,0.0,0.0,-0.0,0.0,-0.0,0.0,0.0,0.0,0.0,-0.0,0.0,-0.0,0.0,0.0,0.0,0.0,0.0,0.0,0.0,0.0,0.0,0.0,0.0,0.0,0,0,0,0
