0.0,0.0,0.0,0.0,0.0,0.0,0.0,0.0,0.0,-0.0,0.0,-0.0,0.0,0.0,0.0,0.0,-0.0,0.0,-0.0,0.0,0.0,0.0,0.0,0.0,0.0,0.0,0.0,0.0,0.0,0.0,0.0,0,0,0,0
0.0,0.0,5.14000712428242e-05,0.0,0.0,0.0,0.0,0.0,0.0,-0.0,0.0,-0.0,0.0,0.0,-0.00014571698557119817,0.0,-1.4549353181791957e-05,-7.420873589580879e-05,-0.0,0.0,0.0,0.0,0.0,0.0,0.0,0.0,0.00015018045087344944,-2.25289877562318e-05,0.00016895306180231273,0.00016895306180231273,0.00016895306180231273,0,0,0,0
0.0,0.0,0.0002047745801974088,0.0,0.0,0.0,0.0,0.0,0.0,-0.0,0.0,-0.0,0.0,0.0,-0.0005805271212011576,0.0,-5.796369805466384e-05,-0.00029564285068772733,-0.0,0.0,0.0,0.0,0.0,0.0,0.0,0.0,0.0005983092705719173,-8.975404489319772e-05,0.0006730981403961778,0.0006730981403961778,0.0006730981403961778,0,0,0,0
0.0,0.0,0.00045888489694334567,0.0,0.0,0.0,0.0,0.0,0.0,-0.0,0.0,-0.0,0.0,0.0,-0.0013009189860895276,0.0,-0.0001298924325965345,-0.0006625140667892992,-0.0,0.0,0.0,0.0,0.0,0.0,0.0,0.0,0.0013407673686742783,-0.00020113226491957903,0.0015083638718351722,0.0015083638718351722,0.0015083638718351722,0,0,0,0
0.0,0.0,0.0008124926825985312,0.0,0.0,0.0,0.0,0.0,0.0,-0.0,0.0,-0.0,0.0,0.0,-0.002303381683304906,0.0,-0.00022998506028670818,-0.001173034543171525,-0.0,0.0,0.0,0.0,0.0,0.0,0.0,0.0,0.0023739368189126253,-0.0003561208723112941,0.002670679707080126,0.002670679707080126,0.002670679707080126,0,0,0,0
0.0,0.0,0.0012643591035157442,0.0,0.0,0.0,0.0,0.0,0.0,-0.0,0.0,-0.0,0.0,0.0,-0.0035844033118337393,0.0,-0.0003578909090720117,-0.001825415645726025,-0.0,0.0,0.0,0.0,0.0,0.0,0.0,0.0,0.003694197628647089,-0.0005541768623515964,0.0041559734381735325,0.0041559734381735325,0.0041559734381735325,0,0,0,0
0.0,0.0,0.0018132455879822373,0.0,0.0,0.0,0.0,0.0,0.0,-0.0,0.0,-0.0,0.0,0.0,-0.005140473134815693,0.0,-0.000513259379658848,-0.0026178695261478424,-0.0,0.0,0.0,0.0,0.0,0.0,0.0,0.0,0.005297930911183357,-0.0007947574486024678,0.00596017437055707,0.00596017437055707,0.00596017437055707,0,0,0,0
0.0,0.0,0.002457914175465703,0.0,0.0,0.0,0.0,0.0,0.0,-0.0,0.0,-0.0,0.0,0.0,-0.006968080066144466,0.0,-0.0006957401055842638,-0.0035486079286783934,-0.0,0.0,0.0,0.0,0.0,0.0,0.0,0.0,0.007181519642472267,-0.0010773198446258903,0.00807921215891838,0.00807921215891838,0.00807921215891838,0,0,0,0
0.0,0.0,0.0031971256248652935,0.0,0.0,0.0,0.0,0.0,0.0,-0.0,0.0,-0.0,0.0,0.0,-0.009063713252544403,0.0,-0.0009049823856912553,-0.004615843296051025,-0.0,0.0,0.0,0.0,0.0,0.0,0.0,0.0,0.009341344237327576,-0.0014013211475685239,0.010509015992283821,0.010509015992283821,0.010509015992283821,0,0,0,0
0.0,0.0,0.004029641859233379,0.0,0.0,0.0,0.0,0.0,0.0,-0.0,0.0,-0.0,0.0,0.0,-0.011423859745264053,0.0,-0.00114063557703048,-0.0058177863247692585,-0.0,0.0,0.0,0.0,0.0,0.0,0.0,0.0,0.011773785576224327,-0.0017662184545770288,0.01324551273137331,0.01324551273137331,0.01324551273137331,0,0,0,0
0.0,0.0,0.004954223521053791,0.0,0.0,0.0,0.0,0.0,0.0,-0.0,0.0,-0.0,0.0,0.0,-0.014045009389519691,0.0,-0.0014023490948602557,-0.007152649108320475,-0.0,0.0,0.0,0.0,0.0,0.0,0.0,0.0,0.014475222676992416,-0.002171468688175082,0.016284631565213203,0.016284631565213203,0.016284631565213203,0,0,0,0
0.0,0.0,0.005969632882624865,0.0,0.0,0.0,0.0,0.0,0.0,-0.0,0.0,-0.0,0.0,0.0,-0.016923651099205017,0.0,-0.0016897725872695446,-0.008618645370006561,-0.0,0.0,0.0,0.0,0.0,0.0,0.0,0.0,0.017442042008042336,-0.0026165293529629707,0.019622303545475006,0.019622303545475006,0.019622303545475006,0,0,0,0
0.0,0.0,0.007074630353599787,0.0,0.0,0.0,0.0,0.0,0.0,-0.0,0.0,-0.0,0.0,0.0,-0.02005627192556858,0.0,-0.002002554712817073,-0.010213982313871384,-0.0,0.0,0.0,0.0,0.0,0.0,0.0,0.0,0.020670616999268532,-0.0031008569058030844,0.023254450410604477,0.023254450410604477,0.023254450410604477,0,0,0,0
0.0,0.0,0.008267980068922043,0.0,0.0,0.0,0.0,0.0,0.0,-0.0,0.0,-0.0,0.0,0.0,-0.02343936637043953,0.0,-0.002340346574783325,-0.011936877854168415,-0.0,0.0,0.0,0.0,0.0,0.0,0.0,0.0,0.024157339707016945,-0.003623910015448928,0.02717701531946659,0.02717701531946659,0.02717701531946659,0,0,0,0
0.0,0.0,0.009548438712954521,0.0,0.0,0.0,0.0,0.0,0.0,-0.0,0.0,-0.0,0.0,0.0,-0.02706941030919552,0.0,-0.002702795434743166,-0.013785537332296371,-0.0,0.0,0.0,0.0,0.0,0.0,0.0,0.0,0.027898576110601425,-0.004185143392533064,0.031385909765958786,0.031385909765958786,0.031385909765958786,0,0,0,0
0.0,0.0,0.010914772748947144,0.0,0.0,0.0,0.0,0.0,0.0,-0.0,0.0,-0.0,0.0,0.0,-0.03094290755689144,0.0,-0.0030895525123924017,-0.015758179128170013,-0.0,0.0,0.0,0.0,0.0,0.0,0.0,0.0,0.03189072385430336,-0.004784016869962215,0.035877078771591187,0.035877078771591187,0.035877078771591187,0,0,0,0
0.0,0.0,0.012365742586553097,0.0,0.0,0.0,0.0,0.0,0.0,-0.0,0.0,-0.0,0.0,0.0,-0.03505634516477585,0.0,-0.0035002666991204023,-0.017853014171123505,-0.0,0.0,0.0,0.0,0.0,0.0,0.0,0.0,0.036130160093307495,-0.005419985856860876,0.04064644128084183,0.04064644128084183,0.04064644128084183,0,0,0,0
0.0,0.0,0.013900105841457844,0.0,0.0,0.0,0.0,0.0,0.0,-0.0,0.0,-0.0,0.0,0.0,-0.03940620273351669,0.0,-0.0039345864206552505,-0.020068246871232986,-0.0,0.0,0.0,0.0,0.0,0.0,0.0,0.0,0.04061325266957283,-0.00609250832349062,0.04568992927670479,0.04568992927670479,0.04568992927670479,0,0,0,0
0.0,0.0,0.015516629442572594,0.0,0.0,0.0,0.0,0.0,0.0,-0.0,0.0,-0.0,0.0,0.0,-0.043988972902297974,0.0,-0.004392162896692753,-0.022402098402380943,-0.0,0.0,0.0,0.0,0.0,0.0,0.0,0.0,0.04533640295267105,-0.006801040377467871,0.05100346729159355,0.05100346729159355,0.05100346729159355,0,0,0,0
0.0,0.0,0.01721406728029251,0.0,0.0,0.0,0.0,0.0,0.0,-0.0,0.0,-0.0,0.0,0.0,-0.04880113899707794,0.0,-0.004872643388807774,-0.024852771311998367,-0.0,0.0,0.0,0.0,0.0,0.0,0.0,0.0,0.05029596760869026,-0.007545038126409054,0.0565829798579216,0.0565829798579216,0.0565829798579216,0,0,0,0
0.0,0.0,0.01899118907749653,0.0,0.0,0.0,0.0,0.0,0.0,-0.0,0.0,-0.0,0.0,0.0,-0.05383920297026634,0.0,-0.005375679582357407,-0.027418488636612892,-0.0,0.0,0.0,0.0,0.0,0.0,0.0,0.0,0.055488355457782745,-0.008323962800204754,0.062424421310424805,0.062424421310424805,0.062424421310424805,0,0,0,0
0.0,0.0,0.02084675431251526,0.0,0.0,0.0,0.0,0.0,0.0,-0.0,0.0,-0.0,0.0,0.0,-0.05909964442253113,0.0,-0.005900920368731022,-0.03009745664894581,-0.0,0.0,0.0,0.0,0.0,0.0,0.0,0.0,0.0609099343419075,-0.009137269109487534,0.06852369755506516,0.06852369755506516,0.06852369755506516,0,0,0,0
0.0,0.0,0.022779520601034164,0.0,0.0,0.0,0.0,0.0,0.0,-0.0,0.0,-0.0,0.0,0.0,-0.06457895785570145,0.0,-0.006448013707995415,-0.032887883484363556,-0.0,0.0,0.0,0.0,0.0,0.0,0.0,0.0,0.06655707955360413,-0.009984413161873817,0.07487674057483673,0.07487674057483673,0.07487674057483673,0,0,0,0
0.0,0.0,0.024788249284029007,0.0,0.0,0.0,0.0,0.0,0.0,-0.0,0.0,-0.0,0.0,0.0,-0.07027361541986465,0.0,-0.00701660942286253,-0.03578798100352287,-0.0,0.0,0.0,0.0,0.0,0.0,0.0,0.0,0.07242617011070251,-0.01086485292762518,0.08147947490215302,0.08147947490215302,0.08147947490215302,0,0,0,0
0.0,0.0,0.026871705427765846,0.0,0.0,0.0,0.0,0.0,0.0,-0.0,0.0,-0.0,0.0,0.0,-0.07618013024330139,0.0,-0.0076063573360443115,-0.038795966655015945,-0.0,0.0,0.0,0.0,0.0,0.0,0.0,0.0,0.07851359993219376,-0.011778045445680618,0.08832783252000809,0.08832783252000809,0.08832783252000809,0,0,0,0
0.0,0.0,0.029028650373220444,0.0,0.0,0.0,0.0,0.0,0.0,-0.0,0.0,-0.0,0.0,0.0,-0.08229497075080872,0.0,-0.00821690820157528,-0.04191004857420921,-0.0,0.0,0.0,0.0,0.0,0.0,0.0,0.0,0.08481575548648834,-0.012723447754979134,0.09541775286197662,0.09541775286197662,0.09541775286197662,0,0,0,0
0.0,0.0,0.03125784918665886,0.0,0.0,0.0,0.0,0.0,0.0,-0.0,0.0,-0.0,0.0,0.0,-0.08861465007066727,0.0,-0.008847910910844803,-0.04512844979763031,-0.0,0.0,0.0,0.0,0.0,0.0,0.0,0.0,0.09132900834083557,-0.013700520619750023,0.1027451753616333,0.1027451753616333,0.1027451753616333,0,0,0,0
0.0,0.0,0.03355804830789566,0.0,0.0,0.0,0.0,0.0,0.0,-0.0,0.0,-0.0,0.0,0.0,-0.0951356291770935,0.0,-0.009499012492597103,-0.04844936355948448,-0.0,0.0,0.0,0.0,0.0,0.0,0.0,0.0,0.09804973006248474,-0.014708713628351688,0.11030598729848862,0.11030598729848862,0.11030598729848862,0,0,0,0
0.0,0.0,0.03592802211642265,0.0,0.0,0.0,0.0,0.0,0.0,-0.0,0.0,-0.0,0.0,0.0,-0.10185439139604568,0.0,-0.0101698637008667,-0.051871005445718765,-0.0,0.0,0.0,0.0,0.0,0.0,0.0,0.0,0.10497429966926575,-0.015747487545013428,0.11809612810611725,0.11809612810611725,0.11809612810611725,0,0,0,0
0.0,0.0,0.038366541266441345,0.0,0.0,0.0,0.0,0.0,0.0,-0.0,0.0,-0.0,0.0,0.0,-0.10876747965812683,0.0,-0.010860116221010685,-0.05539160594344139,-0.0,0.0,0.0,0.0,0.0,0.0,0.0,0.0,0.11209914088249207,-0.016816304996609688,0.12611158192157745,0.12611158192157745,0.12611158192157745,0,0,0,0
0.0,0.0,0.04087234288454056,0.0,0.0,0.0,0.0,0.0,0.0,-0.0,0.0,-0.0,0.0,0.0,-0.11587131768465042,0.0,-0.011569417081773281,-0.059009354561567307,-0.0,0.0,0.0,0.0,0.0,0.0,0.0,0.0,0.11942058056592941,-0.01791461557149887,0.13434821367263794,0.13434821367263794,0.13434821367263794,0,0,0,0
0.0,0.0,0.0434442013502121,0.0,0.0,0.0,0.0,0.0,0.0,-0.0,0.0,-0.0,0.0,0.0,-0.12316244095563889,0.0,-0.012297416105866432,-0.06272246688604355,-0.0,0.0,0.0,0.0,0.0,0.0,0.0,0.0,0.12693503499031067,-0.01904187723994255,0.14280195534229279,0.14280195534229279,0.14280195534229279,0,0,0,0
0.0,0.0,0.04608088731765747,0.0,0.0,0.0,0.0,0.0,0.0,-0.0,0.0,-0.0,0.0,0.0,-0.13063731789588928,0.0,-0.013043764047324657,-0.06652917712926865,-0.0,0.0,0.0,0.0,0.0,0.0,0.0,0.0,0.13463889062404633,-0.020197555422782898,0.15146879851818085,0.15146879851818085,0.15146879851818085,0,0,0,0
0.0,0.0,0.0487811341881752,0.0,0.0,0.0,0.0,0.0,0.0,-0.0,0.0,-0.0,0.0,0.0,-0.13829240202903748,0.0,-0.013808105140924454,-0.07042765617370605,-0.0,0.0,0.0,0.0,0.0,0.0,0.0,0.0,0.1425284594297409,-0.021381091326475143,0.16034457087516785,0.16034457087516785,0.16034457087516785,0,0,0,0
0.0,0.0,0.05154373124241829,0.0,0.0,0.0,0.0,0.0,0.0,-0.0,0.0,-0.0,0.0,0.0,-0.14612425863742828,0.0,-0.014590095728635788,-0.0744161456823349,-0.0,0.0,0.0,0.0,0.0,0.0,0.0,0.0,0.15060019493103027,-0.022591955959796906,0.16942529380321503,0.16942529380321503,0.16942529380321503,0,0,0,0
0.0,0.0,0.054367437958717346,0.0,0.0,0.0,0.0,0.0,0.0,-0.0,0.0,-0.0,0.0,0.0,-0.15412934124469757,0.0,-0.015389383770525455,-0.07849287241697311,-0.0,0.0,0.0,0.0,0.0,0.0,0.0,0.0,0.15885049104690552,-0.02382960543036461,0.17870685458183289,0.17870685458183289,0.17870685458183289,0,0,0,0
0.0,0.0,0.05725100636482239,0.0,0.0,0.0,0.0,0.0,0.0,-0.0,0.0,-0.0,0.0,0.0,-0.1623041182756424,0.0,-0.016205616295337677,-0.08265601098537445,-0.0,0.0,0.0,0.0,0.0,0.0,0.0,0.0,0.16727568209171295,-0.02509349025785923,0.1881852000951767,0.1881852000951767,0.1881852000951767,0,0,0,0
0.0,0.0,0.06019319221377373,0.0,0.0,0.0,0.0,0.0,0.0,-0.0,0.0,-0.0,0.0,0.0,-0.1706451028585434,0.0,-0.017038444057106972,-0.08690379559993744,-0.0,0.0,0.0,0.0,0.0,0.0,0.0,0.0,0.17587214708328247,-0.02638307400047779,0.19785624742507935,0.19785624742507935,0.19785624742507935,0,0,0,0
0.0,0.0,0.06319276243448257,0.0,0.0,0.0,0.0,0.0,0.0,-0.0,0.0,-0.0,0.0,0.0,-0.17914876341819763,0.0,-0.01788751222193241,-0.09123441576957703,-0.0,0.0,0.0,0.0,0.0,0.0,0.0,0.0,0.18463627994060516,-0.02769780345261097,0.20771586894989014,0.20771586894989014,0.20771586894989014,0,0,0,0
0.0,0.0,0.06624849140644073,0.0,0.0,0.0,0.0,0.0,0.0,-0.0,0.0,-0.0,0.0,0.0,-0.18781161308288574,0.0,-0.018752478063106537,-0.09564610570669174,-0.0,0.0,0.0,0.0,0.0,0.0,0.0,0.0,0.19356447458267212,-0.029037147760391235,0.2177601158618927,0.2177601158618927,0.2177601158618927,0,0,0,0
0.0,0.0,0.06935912370681763,0.0,0.0,0.0,0.0,0.0,0.0,-0.0,0.0,-0.0,0.0,0.0,-0.19663013517856598,0.0,-0.019632987678050995,-0.10013708472251892,-0.0,0.0,0.0,0.0,0.0,0.0,0.0,0.0,0.20265312492847443,-0.030400561168789864,0.22798484563827515,0.22798484563827515,0.22798484563827515,0,0,0,0
0.0,0.0,0.07252342998981476,0.0,0.0,0.0,0.0,0.0,0.0,-0.0,0.0,-0.0,0.0,0.0,-0.2056007832288742,0.0,-0.02052868716418743,-0.10470553487539291,-0.0,0.0,0.0,0.0,0.0,0.0,0.0,0.0,0.2118985652923584,-0.03178749606013298,0.23838597536087036,0.23838597536087036,0.23838597536087036,0,0,0,0
0.0,0.0,0.07574017345905304,0.0,0.0,0.0,0.0,0.0,0.0,-0.0,0.0,-0.0,0.0,0.0,-0.21472010016441345,0.0,-0.02143923193216324,-0.10934971272945404,-0.0,0.0,0.0,0.0,0.0,0.0,0.0,0.0,0.2212972193956375,-0.03319741412997246,0.2489594668149948,0.2489594668149948,0.2489594668149948,0,0,0,0
0.0,0.0,0.079008087515831,0.0,0.0,0.0,0.0,0.0,0.0,-0.0,0.0,-0.0,0.0,0.0,-0.2239845097064972,0.0,-0.022364262491464615,-0.11406776309013367,-0.0,0.0,0.0,0.0,0.0,0.0,0.0,0.0,0.23084542155265808,-0.03462976589798927,0.2597011625766754,0.2597011625766754,0.2597011625766754,0,0,0,0
0.0,0.0,0.08232597261667252,0.0,0.0,0.0,0.0,0.0,0.0,-0.0,0.0,-0.0,0.0,0.0,-0.23339056968688965,0.0,-0.023303434252738953,-0.11885793507099152,-0.0,0.0,0.0,0.0,0.0,0.0,0.0,0.0,0.24053955078125,-0.03608401119709015,0.2706071138381958,0.2706071138381958,0.2706071138381958,0,0,0,0
0.0,0.0,0.08569257706403732,0.0,0.0,0.0,0.0,0.0,0.0,-0.0,0.0,-0.0,0.0,0.0,-0.24293473362922668,0.0,-0.024256402626633644,-0.12371847033500671,-0.0,0.0,0.0,0.0,0.0,0.0,0.0,0.0,0.2503761053085327,-0.037559617310762405,0.28167322278022766,0.28167322278022766,0.28167322278022766,0,0,0,0
0.0,0.0,0.08910666406154633,0.0,0.0,0.0,0.0,0.0,0.0,-0.0,0.0,-0.0,0.0,0.0,-0.25261354446411133,0.0,-0.025222808122634888,-0.12864753603935242,-0.0,0.0,0.0,0.0,0.0,0.0,0.0,0.0,0.26035135984420776,-0.03905603289604187,0.2928953766822815,0.2928953766822815,0.2928953766822815,0,0,0,0
0.0,0.0,0.09256698936223984,0.0,0.0,0.0,0.0,0.0,0.0,-0.0,0.0,-0.0,0.0,0.0,-0.26242339611053467,0.0,-0.026202304288744926,-0.13364337384700775,-0.0,0.0,0.0,0.0,0.0,0.0,0.0,0.0,0.2704617381095886,-0.040572717785835266,0.30426955223083496,0.30426955223083496,0.30426955223083496,0,0,0,0
0.0,0.0,0.09607228636741638,0.0,0.0,0.0,0.0,0.0,0.0,-0.0,0.0,-0.0,0.0,0.0,-0.27236080169677734,0.0,-0.02719453163444996,-0.13870416581630707,-0.0,0.0,0.0,0.0,0.0,0.0,0.0,0.0,0.28070348501205444,-0.04210911691188812,0.3157915472984314,0.3157915472984314,0.3157915472984314,0,0,0,0
0.0,0.0,0.09962137043476105,0.0,0.0,0.0,0.0,0.0,0.0,-0.0,0.0,-0.0,0.0,0.0,-0.28242227435112,0.0,-0.028199151158332825,-0.1438281238079071,-0.0,0.0,0.0,0.0,0.0,0.0,0.0,0.0,0.29107314348220825,-0.04366469755768776,0.3274574279785156,0.3274574279785156,0.3274574279785156,0,0,0,0
0.0,0.0,0.10321297496557236,0.0,0.0,0.0,0.0,0.0,0.0,-0.0,0.0,-0.0,0.0,0.0,-0.29260432720184326,0.0,-0.02921581268310547,-0.14901351928710938,-0.0,0.0,0.0,0.0,0.0,0.0,0.0,0.0,0.3015671372413635,-0.0452389270067215,0.3392631411552429,0.3392631411552429,0.3392631411552429,0,0,0,0
0.0,0.0,0.10684588551521301,0.0,0.0,0.0,0.0,0.0,0.0,-0.0,0.0,-0.0,0.0,0.0,-0.3029034435749054,0.0,-0.030244160443544388,-0.15425850450992584,-0.0,0.0,0.0,0.0,0.0,0.0,0.0,0.0,0.3121817111968994,-0.04683125019073486,0.351204514503479,0.351204514503479,0.351204514503479,0,0,0,0
0.0,0.0,0.11051881313323975,0.0,0.0,0.0,0.0,0.0,0.0,-0.0,0.0,-0.0,0.0,0.0,-0.3133160471916199,0.0,-0.03128384053707123,-0.15956129133701324,-0.0,0.0,0.0,0.0,0.0,0.0,0.0,0.0,0.322913259267807,-0.048441119492053986,0.3632775545120239,0.3632775545120239,0.3632775545120239,0,0,0,0
0.0,0.0,0.11423055827617645,0.0,0.0,0.0,0.0,0.0,0.0,-0.0,0.0,-0.0,0.0,0.0,-0.3238387107849121,0.0,-0.03233450651168823,-0.1649201214313507,-0.0,0.0,0.0,0.0,0.0,0.0,0.0,0.0,0.33375823497772217,-0.05006800591945648,0.3754781484603882,0.3754781484603882,0.3754781484603882,0,0,0,0
0.0,0.0,0.11797986924648285,0.0,0.0,0.0,0.0,0.0,0.0,-0.0,0.0,-0.0,0.0,0.0,-0.3344678580760956,0.0,-0.033395808190107346,-0.17033319175243378,-0.0,0.0,0.0,0.0,0.0,0.0,0.0,0.0,0.3447129428386688,-0.05171135067939758,0.38780221343040466,0.38780221343040466,0.38780221343040466,0,0,0,0
0.0,0.0,0.12176551669836044,0.0,0.0,0.0,0.0,0.0,0.0,-0.0,0.0,-0.0,0.0,0.0,-0.34519997239112854,0.0,-0.034467391669750214,-0.175798699259758,-0.0,0.0,0.0,0.0,0.0,0.0,0.0,0.0,0.35577383637428284,-0.05337062478065491,0.40024569630622864,0.40024569630622864,0.40024569630622864,0,0,0,0
0.0,0.0,0.12558624148368835,0.0,0.0,0.0,0.0,0.0,0.0,-0.0,0.0,-0.0,0.0,0.0,-0.3560315668582916,0.0,-0.03554891049861908,-0.1813148707151413,-0.0,0.0,0.0,0.0,0.0,0.0,0.0,0.0,0.36693722009658813,-0.05504527688026428,0.4128044843673706,0.4128044843673706,0.4128044843673706,0,0,0,0
0.0,0.0,0.12944084405899048,0.0,0.0,0.0,0.0,0.0,0.0,-0.0,0.0,-0.0,0.0,0.0,-0.36695918440818787,0.0,-0.036640018224716187,-0.1868799328804016,-0.0,0.0,0.0,0.0,0.0,0.0,0.0,0.0,0.3781995177268982,-0.05673477053642273,0.425474613904953,0.425474613904953,0.425474613904953,0,0,0,0
0.0,0.0,0.13332803547382355,0.0,0.0,0.0,0.0,0.0,0.0,-0.0,0.0,-0.0,0.0,0.0,-0.37797921895980835,0.0,-0.037740349769592285,-0.1924920529127121,-0.0,0.0,0.0,0.0,0.0,0.0,0.0,0.0,0.3895571231842041,-0.05843855440616608,0.43825191259384155,0.43825191259384155,0.43825191259384155,0,0,0,0
0.0,0.0,0.13724666833877563,0.0,0.0,0.0,0.0,0.0,0.0,-0.0,0.0,-0.0,0.0,0.0,-0.38908833265304565,0.0,-0.03884957730770111,-0.19814954698085785,-0.0,0.0,0.0,0.0,0.0,0.0,0.0,0.0,0.4010065197944641,-0.060156114399433136,0.45113253593444824,0.45113253593444824,0.45113253593444824,0,0,0,0
0.0,0.0,0.1411953568458557,0.0,0.0,0.0,0.0,0.0,0.0,-0.0,0.0,-0.0,0.0,0.0,-0.40028274059295654,0.0,-0.03996732085943222,-0.20385050773620605,-0.0,0.0,0.0,0.0,0.0,0.0,0.0,0.0,0.4125438332557678,-0.061886854469776154,0.46411198377609253,0.46411198377609253,0.46411198377609253,0,0,0,0
0.0,0.0,0.14517296850681305,0.0,0.0,0.0,0.0,0.0,0.0,-0.0,0.0,-0.0,0.0,0.0,-0.4115591049194336,0.0,-0.04109324887394905,-0.20959313213825226,-0.0,0.0,0.0,0.0,0.0,0.0,0.0,0.0,0.4241655468940735,-0.06363026052713394,0.4771864414215088,0.4771864414215088,0.4771864414215088,0,0,0,0
0.0,0.0,0.14917826652526855,0.0,0.0,0.0,0.0,0.0,0.0,-0.0,0.0,-0.0,0.0,0.0,-0.42291396856307983,0.0,-0.042227014899253845,-0.21537578105926514,-0.0,0.0,0.0,0.0,0.0,0.0,0.0,0.0,0.4358682334423065,-0.06538581103086472,0.49035191535949707,0.49035191535949707,0.49035191535949707,0,0,0,0
0.0,0.0,0.15320996940135956,0.0,0.0,0.0,0.0,0.0,0.0,-0.0,0.0,-0.0,0.0,0.0,-0.4343436360359192,0.0,-0.043368253856897354,-0.22119653224945068,-0.0,0.0,0.0,0.0,0.0,0.0,0.0,0.0,0.4476480185985565,-0.06715293228626251,0.5036041736602783,0.5036041736602783,0.5036041736602783,0,0,0,0
0.0,0.0,0.15726688504219055,0.0,0.0,0.0,0.0,0.0,0.0,-0.0,0.0,-0.0,0.0,0.0,-0.4458447992801666,0.0,-0.044516630470752716,-0.2270537167787552,-0.0,0.0,0.0,0.0,0.0,0.0,0.0,0.0,0.4595015048980713,-0.06893110275268555,0.5169394016265869,0.5169394016265869,0.5169394016265869,0,0,0,0
0.0,0.0,0.16134768724441528,0.0,0.0,0.0,0.0,0.0,0.0,-0.0,0.0,-0.0,0.0,0.0,-0.4574137032032013,0.0,-0.04567177593708038,-0.23294536769390106,-0.0,0.0,0.0,0.0,0.0,0.0,0.0,0.0,0.47142478823661804,-0.07071975618600845,0.5303530693054199,0.5303530693054199,0.5303530693054199,0,0,0,0
0.0,0.0,0.16545122861862183,0.0,0.0,0.0,0.0,0.0,0.0,-0.0,0.0,-0.0,0.0,0.0,-0.46904706954956055,0.0,-0.046833351254463196,-0.23886984586715698,-0.0,0.0,0.0,0.0,0.0,0.0,0.0,0.0,0.4834144711494446,-0.07251835614442825,0.543841540813446,0.543841540813446,0.543841540813446,0,0,0,0
0.0,0.0,0.1695762574672699,0.0,0.0,0.0,0.0,0.0,0.0,-0.0,0.0,-0.0,0.0,0.0,-0.48074132204055786,0.0,-0.048001013696193695,-0.2448253333568573,-0.0,0.0,0.0,0.0,0.0,0.0,0.0,0.0,0.495466947555542,-0.07432638108730316,0.5574004650115967,0.5574004650115967,0.5574004650115967,0,0,0,0
0.0,0.0,0.17372146248817444,0.0,0.0,0.0,0.0,0.0,0.0,-0.0,0.0,-0.0,0.0,0.0,-0.4924929141998291,0.0,-0.049174390733242035,-0.2508099675178528,-0.0,0.0,0.0,0.0,0.0,0.0,0.0,0.0,0.507578432559967,-0.07614326477050781,0.5710259675979614,0.5710259675979614,0.5710259675979614,0,0,0,0
0.0,0.0,0.17788571119308472,0.0,0.0,0.0,0.0,0.0,0.0,-0.0,0.0,-0.0,0.0,0.0,-0.5042982697486877,0.0,-0.050353147089481354,-0.2568221092224121,-0.0,0.0,0.0,0.0,0.0,0.0,0.0,0.0,0.5197454690933228,-0.07796847820281982,0.5847138166427612,0.5847138166427612,0.5847138166427612,0,0,0,0
0.0,0.0,0.18206769227981567,0.0,0.0,0.0,0.0,0.0,0.0,-0.0,0.0,-0.0,0.0,0.0,-0.5161540508270264,0.0,-0.051536932587623596,-0.2628598213195801,-0.0,0.0,0.0,0.0,0.0,0.0,0.0,0.0,0.5319643616676331,-0.07980146259069443,0.5984600782394409,0.5984600782394409,0.5984600782394409,0,0,0,0
0.0,0.0,0.18626618385314941,0.0,0.0,0.0,0.0,0.0,0.0,-0.0,0.0,-0.0,0.0,0.0,-0.5280566215515137,0.0,-0.05272539705038071,-0.2689214050769806,-0.0,0.0,0.0,0.0,0.0,0.0,0.0,0.0,0.5442315340042114,-0.08164168894290924,0.6122606992721558,0.6122606992721558,0.6122606992721558,0,0,0,0
0.0,0.0,0.19047997891902924,0.0,0.0,0.0,0.0,0.0,0.0,-0.0,0.0,-0.0,0.0,0.0,-0.5400024652481079,0.0,-0.05391818657517433,-0.275005042552948,-0.0,0.0,0.0,0.0,0.0,0.0,0.0,0.0,0.5565433502197266,-0.08348862826824188,0.6261115074157715,0.6261115074157715,0.6261115074157715,0,0,0,0
0.0,0.0,0.19470778107643127,0.0,0.0,0.0,0.0,0.0,0.0,-0.0,0.0,-0.0,0.0,0.0,-0.5519881248474121,0.0,-0.05511493980884552,-0.28110891580581665,-0.0,0.0,0.0,0.0,0.0,0.0,0.0,0.0,0.5688961148262024,-0.0853416919708252,0.6400083303451538,0.6400083303451538,0.6400083303451538,0,0,0,0
0.0,0.0,0.19894841313362122,0.0,0.0,0.0,0.0,0.0,0.0,-0.0,0.0,-0.0,0.0,0.0,-0.5640100836753845,0.0,-0.056315332651138306,-0.28723132610321045,-0.0,0.0,0.0,0.0,0.0,0.0,0.0,0.0,0.5812863111495972,-0.08720038831233978,0.6539473533630371,0.6539473533630371,0.6539473533630371,0,0,0,0
0.0,0.0,0.2032005488872528,0.0,0.0,0.0,0.0,0.0,0.0,-0.0,0.0,-0.0,0.0,0.0,-0.5760647058486938,0.0,-0.05751897767186165,-0.2933703064918518,-0.0,0.0,0.0,0.0,0.0,0.0,0.0,0.0,0.5937102437019348,-0.08906412124633789,0.6679242253303528,0.6679242253303528,0.6679242253303528,0,0,0,0
0.0,0.0,0.20746302604675293,0.0,0.0,0.0,0.0,0.0,0.0,-0.0,0.0,-0.0,0.0,0.0,-0.5881487131118774,0.0,-0.05872555077075958,-0.29952430725097656,-0.0,0.0,0.0,0.0,0.0,0.0,0.0,0.0,0.6061643362045288,-0.09093240648508072,0.6819350719451904,0.6819350719451904,0.6819350719451904,0,0,0,0
0.0,0.0,0.2117346078157425,0.0,0.0,0.0,0.0,0.0,0.0,-0.0,0.0,-0.0,0.0,0.0,-0.600258469581604,0.0,-0.05993471294641495,-0.3056913912296295,-0.0,0.0,0.0,0.0,0.0,0.0,0.0,0.0,0.6186450719833374,-0.0928046703338623,0.6959758996963501,0.6959758996963501,0.6959758996963501,0,0,0,0
0.0,0.0,0.21601402759552002,0.0,0.0,0.0,0.0,0.0,0.0,-0.0,0.0,-0.0,0.0,0.0,-0.6123904585838318,0.0,-0.061146080493927,-0.3118698000907898,-0.0,0.0,0.0,0.0,0.0,0.0,0.0,0.0,0.6311485767364502,-0.09468036890029907,0.7100424766540527,0.7100424766540527,0.7100424766540527,0,0,0,0
0.0,0.0,0.2203000783920288,0.0,0.0,0.0,0.0,0.0,0.0,-0.0,0.0,-0.0,0.0,0.0,-0.624541163444519,0.0,-0.06235932558774948,-0.31805771589279175,-0.0,0.0,0.0,0.0,0.0,0.0,0.0,0.0,0.6436715126037598,-0.09655896574258804,0.7241307497024536,0.7241307497024536,0.7241307497024536,0,0,0,0
0.0,0.0,0.2245914340019226,0.0,0.0,0.0,0.0,0.0,0.0,-0.0,0.0,-0.0,0.0,0.0,-0.6367070078849792,0.0,-0.06357409060001373,-0.3242533802986145,-0.0,0.0,0.0,0.0,0.0,0.0,0.0,0.0,0.6562100648880005,-0.09843990206718445,0.7382365465164185,0.7382365465164185,0.7382365465164185,0,0,0,0
0.0,0.0,0.2288869321346283,0.0,0.0,0.0,0.0,0.0,0.0,-0.0,0.0,-0.0,0.0,0.0,-0.6488845944404602,0.0,-0.06479001045227051,-0.3304550051689148,-0.0,0.0,0.0,0.0,0.0,0.0,0.0,0.0,0.6687605381011963,-0.10032264143228531,0.7523558735847473,0.7523558735847473,0.7523558735847473,0,0,0,0
0.0,0.0,0.23318538069725037,0.0,0.0,0.0,0.0,0.0,0.0,-0.0,0.0,-0.0,0.0,0.0,-0.6610704660415649,0.0,-0.06600677967071533,-0.33666086196899414,-0.0,0.0,0.0,0.0,0.0,0.0,0.0,0.0,0.6813197731971741,-0.10220668464899063,0.7664850354194641,0.7664850354194641,0.7664850354194641,0,0,0,0
0.0,0.0,0.23748542368412018,0.0,0.0,0.0,0.0,0.0,0.0,-0.0,0.0,-0.0,0.0,0.0,-0.6732608675956726,0.0,-0.06722398847341537,-0.3428690433502197,-0.0,0.0,0.0,0.0,0.0,0.0,0.0,0.0,0.6938836574554443,-0.10409141331911087,0.7806192636489868,0.7806192636489868,0.7806192636489868,0,0,0,0
0.0,0.0,0.24178588390350342,0.0,0.0,0.0,0.0,0.0,0.0,-0.0,0.0,-0.0,0.0,0.0,-0.6854525208473206,0.0,-0.06844133138656616,-0.34907788038253784,-0.0,0.0,0.0,0.0,0.0,0.0,0.0,0.0,0.7064486742019653,-0.10597635060548782,0.7947551012039185,0.7947551012039185,0.7947551012039185,0,0,0,0
0.0,0.0,0.2460855394601822,0.0,0.0,0.0,0.0,0.0,0.0,-0.0,0.0,-0.0,0.0,0.0,-0.6976418495178223,0.0,-0.06965843588113785,-0.3552854657173157,-0.0,0.0,0.0,0.0,0.0,0.0,0.0,0.0,0.7190114259719849,-0.10786091536283493,0.8088881373405457,0.8088881373405457,0.8088881373405457,0,0,0,0
0.0,0.0,0.2503831386566162,0.0,0.0,0.0,0.0,0.0,0.0,-0.0,0.0,-0.0,0.0,0.0,-0.7098252773284912,0.0,-0.07087495923042297,-0.3614901304244995,-0.0,0.0,0.0,0.0,0.0,0.0,0.0,0.0,0.7315680980682373,-0.10974457114934921,0.8230143189430237,0.8230143189430237,0.8230143189430237,0,0,0,0
0.0,0.0,0.2546773850917816,0.0,0.0,0.0,0.0,0.0,0.0,-0.0,0.0,-0.0,0.0,0.0,-0.7219993472099304,0.0,-0.07209053635597229,-0.36768996715545654,-0.0,0.0,0.0,0.0,0.0,0.0,0.0,0.0,0.7441149950027466,-0.1116267740726471,0.8371296525001526,0.8371296525001526,0.8371296525001526,0,0,0,0
0.0,0.0,0.25896716117858887,0.0,0.0,0.0,0.0,0.0,0.0,-0.0,0.0,-0.0,0.0,0.0,-0.7341606616973877,0.0,-0.07330483943223953,-0.3738832175731659,-0.0,0.0,0.0,0.0,0.0,0.0,0.0,0.0,0.7566487193107605,-0.1135069951415062,0.8512302041053772,0.8512302041053772,0.8512302041053772,0,0,0,0
0.0,0.0,0.2632511258125305,0.0,0.0,0.0,0.0,0.0,0.0,-0.0,0.0,-0.0,0.0,0.0,-0.746305525302887,0.0,-0.07451751828193665,-0.38006821274757385,-0.0,0.0,0.0,0.0,0.0,0.0,0.0,0.0,0.7691657543182373,-0.11538469791412354,0.8653116822242737,0.8653116822242737,0.8653116822242737,0,0,0,0
0.0,0.0,0.26752805709838867,0.0,0.0,0.0,0.0,0.0,0.0,-0.0,0.0,-0.0,0.0,0.0,-0.7584304213523865,0.0,-0.07572819292545319,-0.3862430453300476,-0.0,0.0,0.0,0.0,0.0,0.0,0.0,0.0,0.7816619873046875,-0.11725930124521255,0.8793700933456421,0.8793700933456421,0.8793700933456421,0,0,0,0
0.0,0.0,0.27179670333862305,0.0,0.0,0.0,0.0,0.0,0.0,-0.0,0.0,-0.0,0.0,0.0,-0.7705320119857788,0.0,-0.07693654298782349,-0.3924059271812439,-0.0,0.0,0.0,0.0,0.0,0.0,0.0,0.0,0.7941341400146484,-0.11913028359413147,0.8934012651443481,0.8934012651443481,0.8934012651443481,0,0,0,0
0.0,0.0,0.2760559320449829,0.0,0.0,0.0,0.0,0.0,0.0,-0.0,0.0,-0.0,0.0,0.0,-0.7826066613197327,0.0,-0.0781422108411789,-0.3985551595687866,-0.0,0.0,0.0,0.0,0.0,0.0,0.0,0.0,0.8065787553787231,-0.12099713087081909,0.907401442527771,0.907401442527771,0.907401442527771,0,0,0,0
0.0,0.0,0.2803043723106384,0.0,0.0,0.0,0.0,0.0,0.0,-0.0,0.0,-0.0,0.0,0.0,-0.7946507930755615,0.0,-0.07934482395648956,-0.40468883514404297,-0.0,0.0,0.0,0.0,0.0,0.0,0.0,0.0,0.8189917206764221,-0.12285924702882767,0.9213660955429077,0.9213660955429077,0.9213660955429077,0,0,0,0
0.0,0.0,0.2845408320426941,0.0,0.0,0.0,0.0,0.0,0.0,-0.0,0.0,-0.0,0.0,0.0,-0.8066610097885132,0.0,-0.08054406195878983,-0.41080522537231445,-0.0,0.0,0.0,0.0,0.0,0.0,0.0,0.0,0.8313698172569275,-0.12471611797809601,0.9352914094924927,0.9352914094924927,0.9352914094924927,0,0,0,0
0.0,0.0,0.288764089345932,0.0,0.0,0.0,0.0,0.0,0.0,-0.0,0.0,-0.0,0.0,0.0,-0.8186337351799011,0.0,-0.08173955231904984,-0.4169025421142578,-0.0,0.0,0.0,0.0,0.0,0.0,0.0,0.0,0.8437092900276184,-0.12656718492507935,0.9491733908653259,0.9491733908653259,0.9491733908653259,0,0,0,0
0.0,0.0,0.2929728925228119,0.0,0.0,0.0,0.0,0.0,0.0,-0.0,0.0,-0.0,0.0,0.0,-0.8305655717849731,0.0,-0.08293095231056213,-0.4229790270328522,-0.0,0.0,0.0,0.0,0.0,0.0,0.0,0.0,0.8560066223144531,-0.12841194868087769,0.9630078077316284,0.9630078077316284,0.9630078077316284,0,0,0,0
0.0,0.0,0.2971660792827606,0.0,0.0,0.0,0.0,0.0,0.0,-0.0,0.0,-0.0,0.0,0.0,-0.8424530029296875,0.0,-0.08411791920661926,-0.4290328919887543,-0.0,0.0,0.0,0.0,0.0,0.0,0.0,0.0,0.8682582378387451,-0.13024984300136566,0.9767908453941345,0.9767908453941345,0.9767908453941345,0,0,0,0
0.0,0.0,0.301342248916626,0.0,0.0,0.0,0.0,0.0,0.0,-0.0,0.0,-0.0,0.0,0.0,-0.8542922735214233,0.0,-0.08530009537935257,-0.4350621998310089,-0.0,0.0,0.0,0.0,0.0,0.0,0.0,0.0,0.8804600834846497,-0.1320802867412567,0.9905179738998413,0.9905179738998413,0.9905179738998413,0,0,0,0
0.0,0.0,0.305500328540802,0.0,0.0,0.0,0.0,0.0,0.0,-0.0,0.0,-0.0,0.0,0.0,-0.8660802245140076,0.0,-0.08647714555263519,-0.4410654604434967,-0.0,0.0,0.0,0.0,0.0,0.0,0.0,0.0,0.8926092386245728,-0.13390280306339264,1.004185676574707,1.004185676574707,1.004185676574707,0,0,0,0
0.0,0.0,0.3096389174461365,0.0,0.0,0.0,0.0,0.0,0.0,-0.0,0.0,-0.0,0.0,0.0,-0.8778129816055298,0.0,-0.08764868974685669,-0.4470405578613281,-0.0,0.0,0.0,0.0,0.0,0.0,0.0,0.0,0.9047014117240906,-0.1357167810201645,1.017789363861084,1.017789363861084,1.017789363861084,0,0,0,0
0.0,0.0,0.31375694274902344,0.0,0.0,0.0,0.0,0.0,0.0,-0.0,0.0,-0.0,0.0,0.0,-0.8894873261451721,0.0,-0.0888143926858902,-0.45298585295677185,-0.0,0.0,0.0,0.0,0.0,0.0,0.0,0.0,0.9167332053184509,-0.13752172887325287,1.0313252210617065,1.0313252210617065,1.0313252210617065,0,0,0,0
0.0,0.0,0.31785303354263306,0.0,0.0,0.0,0.0,0.0,0.0,-0.0,0.0,-0.0,0.0,0.0,-0.9010995626449585,0.0,-0.08997389674186707,-0.4588996469974518,-0.0,0.0,0.0,0.0,0.0,0.0,0.0,0.0,0.9287012219429016,-0.13931706547737122,1.0447893142700195,1.0447893142700195,1.0447893142700195,0,0,0,0
0.0,0.0,0.3219259977340698,0.0,0.0,0.0,0.0,0.0,0.0,-0.0,0.0,-0.0,0.0,0.0,-0.9126462340354919,0.0,-0.09112685173749924,-0.46477994322776794,-0.0,0.0,0.0,0.0,0.0,0.0,0.0,0.0,0.9406017065048218,-0.14110228419303894,1.0581772327423096,1.0581772327423096,1.0581772327423096,0,0,0,0
0.0,0.0,0.325974702835083,0.0,0.0,0.0,0.0,0.0,0.0,-0.0,0.0,-0.0,0.0,0.0,-0.9241241216659546,0.0,-0.09227295219898224,-0.47062525153160095,-0.0,0.0,0.0,0.0,0.0,0.0,0.0,0.0,0.9524310231208801,-0.14287683367729187,1.0714852809906006,1.0714852809906006,1.0714852809906006,0,0,0,0
0.0,0.0,0.329997718334198,0.0,0.0,0.0,0.0,0.0,0.0,-0.0,0.0,-0.0,0.0,0.0,-0.9355291724205017,0.0,-0.09341177344322205,-0.4764334559440613,-0.0,0.0,0.0,0.0,0.0,0.0,0.0,0.0,0.9641854166984558,-0.14464014768600464,1.0847089290618896,1.0847089290618896,1.0847089290618896,0,0,0,0
0.0,0.0,0.3339938521385193,0.0,0.0,0.0,0.0,0.0,0.0,-0.0,0.0,-0.0,0.0,0.0,-0.9468581676483154,0.0,-0.09454299509525299,-0.48220294713974,-0.0,0.0,0.0,0.0,0.0,0.0,0.0,0.0,0.9758614897727966,-0.14639168977737427,1.0978446006774902,1.0978446006774902,1.0978446006774902,0,0,0,0
0.0,0.0,0.3379620313644409,0.0,0.0,0.0,0.0,0.0,0.0,-0.0,0.0,-0.0,0.0,0.0,-0.9581076502799988,0.0,-0.09566628932952881,-0.4879319369792938,-0.0,0.0,0.0,0.0,0.0,0.0,0.0,0.0,0.9874556064605713,-0.14813098311424255,1.1108880043029785,1.1108880043029785,1.1108880043029785,0,0,0,0
0.0,0.0,0.3419008255004883,0.0,0.0,0.0,0.0,0.0,0.0,-0.0,0.0,-0.0,0.0,0.0,-0.9692742228507996,0.0,-0.09678129106760025,-0.4936186373233795,-0.0,0.0,0.0,0.0,0.0,0.0,0.0,0.0,0.9989640116691589,-0.14985738694667816,1.1238348484039307,1.1238348484039307,1.1238348484039307,0,0,0,0
0.0,0.0,0.3458091616630554,0.0,0.0,0.0,0.0,0.0,0.0,-0.0,0.0,-0.0,0.0,0.0,-0.9803539514541626,0.0,-0.09788765758275986,-0.49926120042800903,-0.0,0.0,0.0,0.0,0.0,0.0,0.0,0.0,1.0103833675384521,-0.15157043933868408,1.1366815567016602,1.1366815567016602,1.1366815567016602,0,0,0,0
0.0,0.0,0.3496856093406677,0.0,0.0,0.0,0.0,0.0,0.0,-0.0,0.0,-0.0,0.0,0.0,-0.9913435578346252,0.0,-0.09898499399423599,-0.5048578977584839,-0.0,0.0,0.0,0.0,0.0,0.0,0.0,0.0,1.0217094421386719,-0.15326949954032898,1.149423599243164,1.149423599243164,1.149423599243164,0,0,0,0
0.0,0.0,0.3535290062427521,0.0,0.0,0.0,0.0,0.0,0.0,-0.0,0.0,-0.0,0.0,0.0,-1.002239465713501,0.0,-0.10007298737764359,-0.5104067325592041,-0.0,0.0,0.0,0.0,0.0,0.0,0.0,0.0,1.0329391956329346,-0.15495410561561584,1.1620569229125977,1.1620569229125977,1.1620569229125977,0,0,0,0
0.0,0.0,0.35733819007873535,0.0,0.0,0.0,0.0,0.0,0.0,-0.0,0.0,-0.0,0.0,0.0,-1.0130383968353271,0.0,-0.10115130245685577,-0.5159063339233398,-0.0,0.0,0.0,0.0,0.0,0.0,0.0,0.0,1.0440688133239746,-0.1566236913204193,1.1745777130126953,1.1745777130126953,1.1745777130126953,0,0,0,0
0.0,0.0,0.3611118793487549,0.0,0.0,0.0,0.0,0.0,0.0,-0.0,0.0,-0.0,0.0,0.0,-1.023736596107483,0.0,-0.10221955925226212,-0.5213544368743896,-0.0,0.0,0.0,0.0,0.0,0.0,0.0,0.0,1.0550947189331055,-0.1582777053117752,1.1869819164276123,1.1869819164276123,1.1869819164276123,0,0,0,0
0.0,0.0,0.364848792552948,0.0,0.0,0.0,0.0,0.0,0.0,-0.0,0.0,-0.0,0.0,0.0,-1.0343306064605713,0.0,-0.10327741503715515,-0.5267496705055237,-0.0,0.0,0.0,0.0,0.0,0.0,0.0,0.0,1.066013216972351,-0.15991564095020294,1.1992652416229248,1.1992652416229248,1.1992652416229248,0,0,0,0
0.0,0.0,0.3685477375984192,0.0,0.0,0.0,0.0,0.0,0.0,-0.0,0.0,-0.0,0.0,0.0,-1.0448169708251953,0.0,-0.10432450473308563,-0.5320900082588196,-0.0,0.0,0.0,0.0,0.0,0.0,0.0,0.0,1.0768206119537354,-0.16153688728809357,1.2114237546920776,1.2114237546920776,1.2114237546920776,0,0,0,0
0.0,0.0,0.3722074329853058,0.0,0.0,0.0,0.0,0.0,0.0,-0.0,0.0,-0.0,0.0,0.0,-1.055191993713379,0.0,-0.10536050796508789,-0.5373736619949341,-0.0,0.0,0.0,0.0,0.0,0.0,0.0,0.0,1.0875136852264404,-0.16314096748828888,1.2234532833099365,1.2234532833099365,1.2234532833099365,0,0,0,0
0.0,0.0,0.3758266866207123,0.0,0.0,0.0,0.0,0.0,0.0,-0.0,0.0,-0.0,0.0,0.0,-1.0654525756835938,0.0,-0.10638506710529327,-0.542599081993103,-0.0,0.0,0.0,0.0,0.0,0.0,0.0,0.0,1.0980885028839111,-0.1647273302078247,1.2353498935699463,1.2353498935699463,1.2353498935699463,0,0,0,0
0.0,0.0,0.37940433621406555,0.0,0.0,0.0,0.0,0.0,0.0,-0.0,0.0,-0.0,0.0,0.0,-1.0755949020385742,0.0,-0.10739783197641373,-0.5477641224861145,-0.0,0.0,0.0,0.0,0.0,0.0,0.0,0.0,1.108541488647461,-0.16629540920257568,1.2471094131469727,1.2471094131469727,1.2471094131469727,0,0,0,0
0.0,0.0,0.3829389214515686,0.0,0.0,0.0,0.0,0.0,0.0,-0.0,0.0,-0.0,0.0,0.0,-1.0856151580810547,0.0,-0.1083984225988388,-0.5528672933578491,-0.0,0.0,0.0,0.0,0.0,0.0,0.0,0.0,1.1188688278198242,-0.16784466803073883,1.258727788925171,1.258727788925171,1.258727788925171,0,0,0,0
0.0,0.0,0.3864293694496155,0.0,0.0,0.0,0.0,0.0,0.0,-0.0,0.0,-0.0,0.0,0.0,-1.095510482788086,0.0,-0.10938651859760284,-0.5579066276550293,-0.0,0.0,0.0,0.0,0.0,0.0,0.0,0.0,1.1290671825408936,-0.16937455534934998,1.2702012062072754,1.2702012062072754,1.2702012062072754,0,0,0,0
0.0,0.0,0.38987448811531067,0.0,0.0,0.0,0.0,0.0,0.0,-0.0,0.0,-0.0,0.0,0.0,-1.105277180671692,0.0,-0.11036177724599838,-0.5628804564476013,-0.0,0.0,0.0,0.0,0.0,0.0,0.0,0.0,1.1391329765319824,-0.17088454961776733,1.2815252542495728,1.2815252542495728,1.2815252542495728,0,0,0,0
0.0,0.0,0.3932728171348572,0.0,0.0,0.0,0.0,0.0,0.0,-0.0,0.0,-0.0,0.0,0.0,-1.114911437034607,0.0,-0.11132380366325378,-0.567786693572998,-0.0,0.0,0.0,0.0,0.0,0.0,0.0,0.0,1.1490622758865356,-0.17237405478954315,1.2926956415176392,1.2926956415176392,1.2926956415176392,0,0,0,0
0.0,0.0,0.3966233432292938,0.0,0.0,0.0,0.0,0.0,0.0,-0.0,0.0,-0.0,0.0,0.0,-1.1244101524353027,0.0,-0.11227229982614517,-0.5726240873336792,-0.0,0.0,0.0,0.0,0.0,0.0,0.0,0.0,1.1588518619537354,-0.17384260892868042,1.3037089109420776,1.3037089109420776,1.3037089109420776,0,0,0,0
0.0,0.0,0.39992469549179077,0.0,0.0,0.0,0.0,0.0,0.0,-0.0,0.0,-0.0,0.0,0.0,-1.1337693929672241,0.0,-0.1132068783044815,-0.5773904323577881,-0.0,0.0,0.0,0.0,0.0,0.0,0.0,0.0,1.1684978008270264,-0.17528963088989258,1.3145604133605957,1.3145604133605957,1.3145604133605957,0,0,0,0
0.0,0.0,0.4031757712364197,0.0,0.0,0.0,0.0,0.0,0.0,-0.0,0.0,-0.0,0.0,0.0,-1.1429858207702637,0.0,-0.11412720382213593,-0.582084059715271,-0.0,0.0,0.0,0.0,0.0,0.0,0.0,0.0,1.1779965162277222,-0.17671458423137665,1.3252466917037964,1.3252466917037964,1.3252466917037964,0,0,0,0
0.0,0.0,0.40637513995170593,0.0,0.0,0.0,0.0,0.0,0.0,-0.0,0.0,-0.0,0.0,0.0,-1.1520559787750244,0.0,-0.11503291875123978,-0.5867031216621399,-0.0,0.0,0.0,0.0,0.0,0.0,0.0,0.0,1.1873445510864258,-0.17811688780784607,1.3357629776000977,1.3357629776000977,1.3357629776000977,0,0,0,0
0.0,0.0,0.40952160954475403,0.0,0.0,0.0,0.0,0.0,0.0,-0.0,0.0,-0.0,0.0,0.0,-1.1609761714935303,0.0,-0.1159236803650856,-0.5912460088729858,-0.0,0.0,0.0,0.0,0.0,0.0,0.0,0.0,1.196537971496582,-0.17949600517749786,1.346105694770813,1.346105694770813,1.346105694770813,0,0,0,0
0.0,0.0,0.412614107131958,0.0,0.0,0.0,0.0,0.0,0.0,-0.0,0.0,-0.0,0.0,0.0,-1.1697431802749634,0.0,-0.11679913848638535,-0.595710813999176,-0.0,0.0,0.0,0.0,0.0,0.0,0.0,0.0,1.2055736780166626,-0.1808515042066574,1.3562709093093872,1.3562709093093872,1.3562709093093872,0,0,0,0
0.0,0.0,0.41565126180648804,0.0,0.0,0.0,0.0,0.0,0.0,-0.0,0.0,-0.0,0.0,0.0,-1.1783535480499268,0.0,-0.11765892803668976,-0.6000956892967224,-0.0,0.0,0.0,0.0,0.0,0.0,0.0,0.0,1.2144476175308228,-0.18218271434307098,1.3662540912628174,1.3662540912628174,1.3662540912628174,0,0,0,0
0.0,0.0,0.4186318516731262,0.0,0.0,0.0,0.0,0.0,0.0,-0.0,0.0,-0.0,0.0,0.0,-1.1868029832839966,0.0,-0.11850272119045258,-0.604398787021637,-0.0,0.0,0.0,0.0,0.0,0.0,0.0,0.0,1.2231560945510864,-0.18348908424377441,1.3760511875152588,1.3760511875152588,1.3760511875152588,0,0,0,0
0.0,0.0,0.4215546250343323,0.0,0.0,0.0,0.0,0.0,0.0,-0.0,0.0,-0.0,0.0,0.0,-1.1950892210006714,0.0,-0.11933013796806335,-0.6086186170578003,-0.0,0.0,0.0,0.0,0.0,0.0,0.0,0.0,1.2316958904266357,-0.18477016687393188,1.3856583833694458,1.3856583833694458,1.3856583833694458,0,0,0,0
0.0,0.0,0.4244183301925659,0.0,0.0,0.0,0.0,0.0,0.0,-0.0,0.0,-0.0,0.0,0.0,-1.2032076120376587,0.0,-0.12014083564281464,-0.6127530336380005,-0.0,0.0,0.0,0.0,0.0,0.0,0.0,0.0,1.2400630712509155,-0.18602535128593445,1.3950715065002441,1.3950715065002441,1.3950715065002441,0,0,0,0
0.0,0.0,0.4272218346595764,0.0,0.0,0.0,0.0,0.0,0.0,-0.0,0.0,-0.0,0.0,0.0,-1.2111555337905884,0.0,-0.12093451619148254,-0.6168007254600525,-0.0,0.0,0.0,0.0,0.0,0.0,0.0,0.0,1.248254418373108,-0.1872541755437851,1.4042867422103882,1.4042867422103882,1.4042867422103882,0,0,0,0
0.0,0.0,0.4299638569355011,0.0,0.0,0.0,0.0,0.0,0.0,-0.0,0.0,-0.0,0.0,0.0,-1.2189288139343262,0.0,-0.12171079218387604,-0.6207593679428101,-0.0,0.0,0.0,0.0,0.0,0.0,0.0,0.0,1.2562659978866577,-0.1884559690952301,1.413299560546875,1.413299560546875,1.413299560546875,0,0,0,0
0.0,0.0,0.4326430559158325,0.0,0.0,0.0,0.0,0.0,0.0,-0.0,0.0,-0.0,0.0,0.0,-1.2265242338180542,0.0,-0.12246926128864288,-0.6246274709701538,-0.0,0.0,0.0,0.0,0.0,0.0,0.0,0.0,1.2640939950942993,-0.18963027000427246,1.4221062660217285,1.4221062660217285,1.4221062660217285,0,0,0,0
0.0,0.0,0.4352582097053528,0.0,0.0,0.0,0.0,0.0,0.0,-0.0,0.0,-0.0,0.0,0.0,-1.2339383363723755,0.0,-0.1232096403837204,-0.6284030675888062,-0.0,0.0,0.0,0.0,0.0,0.0,0.0,0.0,1.2717350721359253,-0.1907765418291092,1.430702567100525,1.430702567100525,1.430702567100525,0,0,0,0
0.0,0.0,0.43780821561813354,0.0,0.0,0.0,0.0,0.0,0.0,-0.0,0.0,-0.0,0.0,0.0,-1.241167426109314,0.0,-0.12393154203891754,-0.6320846676826477,-0.0,0.0,0.0,0.0,0.0,0.0,0.0,0.0,1.2791857719421387,-0.19189423322677612,1.4390844106674194,1.4390844106674194,1.4390844106674194,0,0,0,0
0.0,0.0,0.44029170274734497,0.0,0.0,0.0,0.0,0.0,0.0,-0.0,0.0,-0.0,0.0,0.0,-1.248207926750183,0.0,-0.12463463842868805,-0.6356702446937561,-0.0,0.0,0.0,0.0,0.0,0.0,0.0,0.0,1.2864418029785156,-0.1929827630519867,1.4472475051879883,1.4472475051879883,1.4472475051879883,0,0,0,0
0.0,0.0,0.44270747900009155,0.0,0.0,0.0,0.0,0.0,0.0,-0.0,0.0,-0.0,0.0,0.0,-1.255056619644165,0.0,-0.12531857192516327,-0.6391580700874329,-0.0,0.0,0.0,0.0,0.0,0.0,0.0,0.0,1.2935001850128174,-0.19404162466526031,1.4551883935928345,1.4551883935928345,1.4551883935928345,0,0,0,0
0.0,0.0,0.44505441188812256,0.0,0.0,0.0,0.0,0.0,0.0,-0.0,0.0,-0.0,0.0,0.0,-1.2617099285125732,0.0,-0.12598298490047455,-0.6425463557243347,-0.0,0.0,0.0,0.0,0.0,0.0,0.0,0.0,1.300357460975647,-0.1950702667236328,1.462902545928955,1.462902545928955,1.462902545928955,0,0,0,0
0.0,0.0,0.4473310112953186,0.0,0.0,0.0,0.0,0.0,0.0,-0.0,0.0,-0.0,0.0,0.0,-1.2681641578674316,0.0,-0.12662756443023682,-0.6458331942558289,-0.0,0.0,0.0,0.0,0.0,0.0,0.0,0.0,1.3070094585418701,-0.1960681676864624,1.470386028289795,1.470386028289795,1.470386028289795,0,0,0,0
0.0,0.0,0.44953638315200806,0.0,0.0,0.0,0.0,0.0,0.0,-0.0,0.0,-0.0,0.0,0.0,-1.2744159698486328,0.0,-0.12725190818309784,-0.6490170359611511,-0.0,0.0,0.0,0.0,0.0,0.0,0.0,0.0,1.3134527206420898,-0.19703474640846252,1.4776349067687988,1.4776349067687988,1.4776349067687988,0,0,0,0
0.0,0.0,0.451668918132782,0.0,0.0,0.0,0.0,0.0,0.0,-0.0,0.0,-0.0,0.0,0.0,-1.2804617881774902,0.0,-0.12785565853118896,-0.6520960927009583,-0.0,0.0,0.0,0.0,0.0,0.0,0.0,0.0,1.3196837902069092,-0.1979694366455078,1.4846447706222534,1.4846447706222534,1.4846447706222534,0,0,0,0
0.0,0.0,0.4537276029586792,0.0,0.0,0.0,0.0,0.0,0.0,-0.0,0.0,-0.0,0.0,0.0,-1.2862980365753174,0.0,-0.1284385323524475,-0.6550682783126831,-0.0,0.0,0.0,0.0,0.0,0.0,0.0,0.0,1.3256988525390625,-0.19887179136276245,1.4914116859436035,1.4914116859436035,1.4914116859436035,0,0,0,0
0.0,0.0,0.4557110667228699,0.0,0.0,0.0,0.0,0.0,0.0,-0.0,0.0,-0.0,0.0,0.0,-1.2919213771820068,0.0,-0.12900011241436005,-0.6579319834709167,-0.0,0.0,0.0,0.0,0.0,0.0,0.0,0.0,1.3314940929412842,-0.1997411847114563,1.4979314804077148,1.4979314804077148,1.4979314804077148,0,0,0,0
0.0,0.0,0.4576182961463928,0.0,0.0,0.0,0.0,0.0,0.0,-0.0,0.0,-0.0,0.0,0.0,-1.2973281145095825,0.0,-0.1295400708913803,-0.6606854200363159,-0.0,0.0,0.0,0.0,0.0,0.0,0.0,0.0,1.337066650390625,-0.20057711005210876,1.5042004585266113,1.5042004585266113,1.5042004585266113,0,0,0,0
0.0,0.0,0.45944786071777344,0.0,0.0,0.0,0.0,0.0,0.0,-0.0,0.0,-0.0,0.0,0.0,-1.3025147914886475,0.0,-0.13005809485912323,-0.6633267998695374,-0.0,0.0,0.0,0.0,0.0,0.0,0.0,0.0,1.3424121141433716,-0.20137903094291687,1.5102143287658691,1.5102143287658691,1.5102143287658691,0,0,0,0
0.0,0.0,0.461198627948761,0.0,0.0,0.0,0.0,0.0,0.0,-0.0,0.0,-0.0,0.0,0.0,-1.3074779510498047,0.0,-0.13055379688739777,-0.6658545136451721,-0.0,0.0,0.0,0.0,0.0,0.0,0.0,0.0,1.3475275039672852,-0.20214638113975525,1.5159690380096436,1.5159690380096436,1.5159690380096436,0,0,0,0
0.0,0.0,0.4628691077232361,0.0,0.0,0.0,0.0,0.0,0.0,-0.0,0.0,-0.0,0.0,0.0,-1.3122140169143677,0.0,-0.13102678954601288,-0.6682663559913635,-0.0,0.0,0.0,0.0,0.0,0.0,0.0,0.0,1.352408528327942,-0.20287859439849854,1.5214602947235107,1.5214602947235107,1.5214602947235107,0,0,0,0
0.0,0.0,0.4644584059715271,0.0,0.0,0.0,0.0,0.0,0.0,-0.0,0.0,-0.0,0.0,0.0,-1.31671941280365,0.0,-0.13147678971290588,-0.6705608367919922,-0.0,0.0,0.0,0.0,0.0,0.0,0.0,0.0,1.3570520877838135,-0.20357516407966614,1.526684045791626,1.526684045791626,1.526684045791626,0,0,0,0
0.0,0.0,0.4659651517868042,0.0,0.0,0.0,0.0,0.0,0.0,-0.0,0.0,-0.0,0.0,0.0,-1.320991039276123,0.0,-0.13190340995788574,-0.6727361679077148,-0.0,0.0,0.0,0.0,0.0,0.0,0.0,0.0,1.3614544868469238,-0.20423561334609985,1.5316367149353027,1.5316367149353027,1.5316367149353027,0,0,0,0
0.0,0.0,0.4673880338668823,0.0,0.0,0.0,0.0,0.0,0.0,-0.0,0.0,-0.0,0.0,0.0,-1.3250248432159424,0.0,-0.132306307554245,-0.6747905015945435,-0.0,0.0,0.0,0.0,0.0,0.0,0.0,0.0,1.3656117916107178,-0.20485925674438477,1.536313772201538,1.536313772201538,1.536313772201538,0,0,0,0
0.0,0.0,0.46872591972351074,0.0,0.0,0.0,0.0,0.0,0.0,-0.0,0.0,-0.0,0.0,0.0,-1.32881760597229,0.0,-0.13268516957759857,-0.6767219305038452,-0.0,0.0,0.0,0.0,0.0,0.0,0.0,0.0,1.369520664215088,-0.20544564723968506,1.5407111644744873,1.5407111644744873,1.5407111644744873,0,0,0,0
0.0,0.0,0.46997737884521484,0.0,0.0,0.0,0.0,0.0,0.0,-0.0,0.0,-0.0,0.0,0.0,-1.3323655128479004,0.0,-0.13303956389427185,-0.678528904914856,-0.0,0.0,0.0,0.0,0.0,0.0,0.0,0.0,1.3731775283813477,-0.20599418878555298,1.5448250770568848,1.5448250770568848,1.5448250770568848,0,0,0,0
0.0,0.0,0.471141517162323,0.0,0.0,0.0,0.0,0.0,0.0,-0.0,0.0,-0.0,0.0,0.0,-1.3356657028198242,0.0,-0.13336919248104095,-0.6802096366882324,-0.0,0.0,0.0,0.0,0.0,0.0,0.0,0.0,1.3765785694122314,-0.2065044343471527,1.5486516952514648,1.5486516952514648,1.5486516952514648,0,0,0,0
0.0,0.0,0.47221678495407104,0.0,0.0,0.0,0.0,0.0,0.0,-0.0,0.0,-0.0,0.0,0.0,-1.3387141227722168,0.0,-0.13367371261119843,-0.6817619800567627,-0.0,0.0,0.0,0.0,0.0,0.0,0.0,0.0,1.3797202110290527,-0.20697572827339172,1.5521860122680664,1.5521860122680664,1.5521860122680664,0,0,0,0
0.0,0.0,0.4732019901275635,0.0,0.0,0.0,0.0,0.0,0.0,-0.0,0.0,-0.0,0.0,0.0,-1.3415071964263916,0.0,-0.13395275175571442,-0.6831843852996826,-0.0,0.0,0.0,0.0,0.0,0.0,0.0,0.0,1.382599115371704,-0.20740756392478943,1.555424451828003,1.555424451828003,1.555424451828003,0,0,0,0
0.0,0.0,0.4740961194038391,0.0,0.0,0.0,0.0,0.0,0.0,-0.0,0.0,-0.0,0.0,0.0,-1.3440418243408203,0.0,-0.13420596718788147,-0.6844751834869385,-0.0,0.0,0.0,0.0,0.0,0.0,0.0,0.0,1.3852112293243408,-0.20779943466186523,1.5583631992340088,1.5583631992340088,1.5583631992340088,0,0,0,0
0.0,0.0,0.4748976230621338,0.0,0.0,0.0,0.0,0.0,0.0,-0.0,0.0,-0.0,0.0,0.0,-1.3463141918182373,0.0,-0.13443300127983093,-0.6856324672698975,-0.0,0.0,0.0,0.0,0.0,0.0,0.0,0.0,1.3875534534454346,-0.20815080404281616,1.5609979629516602,1.5609979629516602,1.5609979629516602,0,0,0,0
0.0,0.0,0.47560542821884155,0.0,0.0,0.0,0.0,0.0,0.0,-0.0,0.0,-0.0,0.0,0.0,-1.348320722579956,0.0,-0.13463352620601654,-0.6866543292999268,-0.0,0.0,0.0,0.0,0.0,0.0,0.0,0.0,1.3896212577819824,-0.2084609866142273,1.5633244514465332,1.5633244514465332,1.5633244514465332,0,0,0,0
0.0,0.0,0.47621840238571167,0.0,0.0,0.0,0.0,0.0,0.0,-0.0,0.0,-0.0,0.0,0.0,-1.3500583171844482,0.0,-0.13480715453624725,-0.6875392198562622,-0.0,0.0,0.0,0.0,0.0,0.0,0.0,0.0,1.3914120197296143,-0.20872965455055237,1.5653390884399414,1.5653390884399414,1.5653390884399414,0,0,0,0
0.0,0.0,0.4767349362373352,0.0,0.0,0.0,0.0,0.0,0.0,-0.0,0.0,-0.0,0.0,0.0,-1.3515231609344482,0.0,-0.1349535435438156,-0.6882851123809814,-0.0,0.0,0.0,0.0,0.0,0.0,0.0,0.0,1.3929214477539062,-0.2089560627937317,1.5670371055603027,1.5670371055603027,1.5670371055603027,0,0,0,0
0.0,0.0,0.4771542549133301,0.0,0.0,0.0,0.0,0.0,0.0,-0.0,0.0,-0.0,0.0,0.0,-1.3527116775512695,0.0,-0.13507238030433655,-0.6888904571533203,-0.0,0.0,0.0,0.0,0.0,0.0,0.0,0.0,1.3941466808319092,-0.2091398537158966,1.568415641784668,1.568415641784668,1.568415641784668,0,0,0,0
0.0,0.0,0.4774748682975769,0.0,0.0,0.0,0.0,0.0,0.0,-0.0,0.0,-0.0,0.0,0.0,-1.3536205291748047,0.0,-0.1351633071899414,-0.6893532276153564,-0.0,0.0,0.0,0.0,0.0,0.0,0.0,0.0,1.3950834274291992,-0.2092803716659546,1.5694694519042969,1.5694694519042969,1.5694694519042969,0,0,0,0
0.0,0.0,0.4776955246925354,0.0,0.0,0.0,0.0,0.0,0.0,-0.0,0.0,-0.0,0.0,0.0,-1.354245901107788,0.0,-0.13522595167160034,-0.6896718740463257,-0.0,0.0,0.0,0.0,0.0,0.0,0.0,0.0,1.3957281112670898,-0.20937711000442505,1.5701944828033447,1.5701944828033447,1.5701944828033447,0,0,0,0
0.0,0.0,0.47781503200531006,0.0,0.0,0.0,0.0,0.0,0.0,-0.0,0.0,-0.0,0.0,0.0,-1.3545846939086914,0.0,-0.13525992631912231,-0.6898443698883057,-0.0,0.0,0.0,0.0,0.0,0.0,0.0,0.0,1.3960773944854736,-0.20942944288253784,1.570587158203125,1.570587158203125,1.570587158203125,0,0,0,0
0.0,0.0,0.47783195972442627,0.0,0.0,0.0,0.0,0.0,0.0,-0.0,0.0,-0.0,0.0,0.0,-1.3546335697174072,0.0,-0.13526657223701477,-0.6898693442344666,-0.0,0.0,0.0,0.0,0.0,0.0,0.0,0.0,1.3961267471313477,-0.20943687856197357,1.5706431865692139,1.5706431865692139,1.5706431865692139,0,0,0,0
0.0,0.0,0.477742999792099,0.0,0.0,0.0,0.0,0.0,0.0,-0.0,0.0,-0.0,0.0,0.0,-1.354392170906067,0.0,-0.1352667361497879,-0.6897483468055725,-0.0,0.0,0.0,0.0,0.0,0.0,0.0,0.0,1.395866870880127,-0.20939785242080688,1.5703507661819458,1.5703507661819458,1.5703507661819458,0,0,0,0
0.0,0.0,0.4775484800338745,0.0,0.0,0.0,0.0,0.0,0.0,-0.0,0.0,-0.0,0.0,0.0,-1.3538638353347778,0.0,-0.13526690006256104,-0.689483642578125,-0.0,0.0,0.0,0.0,0.0,0.0,0.0,0.0,1.3952984809875488,-0.20931249856948853,1.569711446762085,1.569711446762085,1.569711446762085,0,0,0,0
0.0,0.0,0.4772496819496155,0.0,0.0,0.0,0.0,0.0,0.0,-0.0,0.0,-0.0,0.0,0.0,-1.3530526161193848,0.0,-0.13526704907417297,-0.6890770196914673,-0.0,0.0,0.0,0.0,0.0,0.0,0.0,0.0,1.3944255113601685,-0.20918136835098267,1.568729281425476,1.568729281425476,1.568729281425476,0,0,0,0
0.0,0.0,0.47684791684150696,0.0,0.0,0.0,0.0,0.0,0.0,-0.0,0.0,-0.0,0.0,0.0,-1.3519617319107056,0.0,-0.1352672278881073,-0.6885303258895874,-0.0,0.0,0.0,0.0,0.0,0.0,0.0,0.0,1.393251657485962,-0.20900507271289825,1.5674086809158325,1.5674086809158325,1.5674086809158325,0,0,0,0
0.0,0.0,0.4763445258140564,0.0,0.0,0.0,0.0,0.0,0.0,-0.0,0.0,-0.0,0.0,0.0,-1.3505947589874268,0.0,-0.13526737689971924,-0.6878453493118286,-0.0,0.0,0.0,0.0,0.0,0.0,0.0,0.0,1.3917808532714844,-0.20878416299819946,1.5657538175582886,1.5657538175582886,1.5657538175582886,0,0,0,0
0.0,0.0,0.4757407605648041,0.0,0.0,0.0,0.0,0.0,0.0,-0.0,0.0,-0.0,0.0,0.0,-1.348955512046814,0.0,-0.13526752591133118,-0.6870237588882446,-0.0,0.0,0.0,0.0,0.0,0.0,0.0,0.0,1.3900166749954224,-0.20851922035217285,1.5637693405151367,1.5637693405151367,1.5637693405151367,0,0,0,0
0.0,0.0,0.4750380218029022,0.0,0.0,0.0,0.0,0.0,0.0,-0.0,0.0,-0.0,0.0,0.0,-1.3470473289489746,0.0,-0.13526767492294312,-0.686067521572113,-0.0,0.0,0.0,0.0,0.0,0.0,0.0,0.0,1.3879634141921997,-0.20821082592010498,1.5614594221115112,1.5614594221115112,1.5614594221115112,0,0,0,0
0.0,0.0,0.4742375612258911,0.0,0.0,0.0,0.0,0.0,0.0,-0.0,0.0,-0.0,0.0,0.0,-1.3448739051818848,0.0,-0.13526782393455505,-0.6849783062934875,-0.0,0.0,0.0,0.0,0.0,0.0,0.0,0.0,1.385624647140503,-0.2078595608472824,1.558828353881836,1.558828353881836,1.558828353881836,0,0,0,0
0.0,0.0,0.4733406901359558,0.0,0.0,0.0,0.0,0.0,0.0,-0.0,0.0,-0.0,0.0,0.0,-1.3424386978149414,0.0,-0.13526798784732819,-0.6837579607963562,-0.0,0.0,0.0,0.0,0.0,0.0,0.0,0.0,1.3830041885375977,-0.2074660062789917,1.5558803081512451,1.5558803081512451,1.5558803081512451,0,0,0,0
0.0,0.0,0.47234877943992615,0.0,0.0,0.0,0.0,0.0,0.0,-0.0,0.0,-0.0,0.0,0.0,-1.339745283126831,0.0,-0.13526813685894012,-0.6824082136154175,-0.0,0.0,0.0,0.0,0.0,0.0,0.0,0.0,1.380105972290039,-0.20703072845935822,1.5526199340820312,1.5526199340820312,1.5526199340820312,0,0,0,0
0.0,0.0,0.4712630808353424,0.0,0.0,0.0,0.0,0.0,0.0,-0.0,0.0,-0.0,0.0,0.0,-1.3367974758148193,0.0,-0.13526827096939087,-0.6809308528900146,-0.0,0.0,0.0,0.0,0.0,0.0,0.0,0.0,1.3769339323043823,-0.20655429363250732,1.5490511655807495,1.5490511655807495,1.5490511655807495,0,0,0,0
0.0,0.0,0.4700849652290344,0.0,0.0,0.0,0.0,0.0,0.0,-0.0,0.0,-0.0,0.0,0.0,-1.3335984945297241,0.0,-0.1352684199810028,-0.6793277263641357,-0.0,0.0,0.0,0.0,0.0,0.0,0.0,0.0,1.373491644859314,-0.20603731274604797,1.5451786518096924,1.5451786518096924,1.5451786518096924,0,0,0,0
0.0,0.0,0.46881574392318726,0.0,0.0,0.0,0.0,0.0,0.0,-0.0,0.0,-0.0,0.0,0.0,-1.3301520347595215,0.0,-0.13526855409145355,-0.677600622177124,-0.0,0.0,0.0,0.0,0.0,0.0,0.0,0.0,1.3697831630706787,-0.20548032224178314,1.5410065650939941,1.5410065650939941,1.5410065650939941,0,0,0,0
0.0,0.0,0.4674566388130188,0.0,0.0,0.0,0.0,0.0,0.0,-0.0,0.0,-0.0,0.0,0.0,-1.3264617919921875,0.0,-0.1352687031030655,-0.6757513284683228,-0.0,0.0,0.0,0.0,0.0,0.0,0.0,0.0,1.3658121824264526,-0.20488393306732178,1.5365393161773682,1.5365393161773682,1.5365393161773682,0,0,0,0
0.0,0.0,0.46600908041000366,0.0,0.0,0.0,0.0,0.0,0.0,-0.0,0.0,-0.0,0.0,0.0,-1.3225313425064087,0.0,-0.13526885211467743,-0.6737815141677856,-0.0,0.0,0.0,0.0,0.0,0.0,0.0,0.0,1.361582636833191,-0.20424869656562805,1.5317810773849487,1.5317810773849487,1.5317810773849487,0,0,0,0
0.0,0.0,0.46447429060935974,0.0,0.0,0.0,0.0,0.0,0.0,-0.0,0.0,-0.0,0.0,0.0,-1.3183640241622925,0.0,-0.13526898622512817,-0.6716931462287903,-0.0,0.0,0.0,0.0,0.0,0.0,0.0,0.0,1.3570984601974487,-0.20357519388198853,1.5267362594604492,1.5267362594604492,1.5267362594604492,0,0,0,0
0.0,0.0,0.46285367012023926,0.0,0.0,0.0,0.0,0.0,0.0,-0.0,0.0,-0.0,0.0,0.0,-1.313963532447815,0.0,-0.13526910543441772,-0.6694878339767456,-0.0,0.0,0.0,0.0,0.0,0.0,0.0,0.0,1.3523632287979126,-0.20286400616168976,1.5214091539382935,1.5214091539382935,1.5214091539382935,0,0,0,0
0.0,0.0,0.4611484706401825,0.0,0.0,0.0,0.0,0.0,0.0,-0.0,0.0,-0.0,0.0,0.0,-1.3093334436416626,0.0,-0.13526923954486847,-0.6671675443649292,-0.0,0.0,0.0,0.0,0.0,0.0,0.0,0.0,1.3473809957504272,-0.2021157294511795,1.5158041715621948,1.5158041715621948,1.5158041715621948,0,0,0,0
0.0,0.0,0.4593600332736969,0.0,0.0,0.0,0.0,0.0,0.0,-0.0,0.0,-0.0,0.0,0.0,-1.304477334022522,0.0,-0.1352693736553192,-0.6647340059280396,-0.0,0.0,0.0,0.0,0.0,0.0,0.0,0.0,1.3421555757522583,-0.20133091509342194,1.5099256038665771,1.5099256038665771,1.5099256038665771,0,0,0,0
0.0,0.0,0.45748966932296753,0.0,0.0,0.0,0.0,0.0,0.0,-0.0,0.0,-0.0,0.0,0.0,-1.2993988990783691,0.0,-0.13526950776576996,-0.6621888875961304,-0.0,0.0,0.0,0.0,0.0,0.0,0.0,0.0,1.3366906642913818,-0.2005101591348648,1.5037777423858643,1.5037777423858643,1.5037777423858643,0,0,0,0
0.0,0.0,0.45553866028785706,0.0,0.0,0.0,0.0,0.0,0.0,-0.0,0.0,-0.0,0.0,0.0,-1.294101357460022,0.0,-0.1352696269750595,-0.6595340967178345,-0.0,0.0,0.0,0.0,0.0,0.0,0.0,0.0,1.3309903144836426,-0.1996539980173111,1.4973646402359009,1.4973646402359009,1.4973646402359009,0,0,0,0
0.0,0.0,0.4535083770751953,0.0,0.0,0.0,0.0,0.0,0.0,-0.0,0.0,-0.0,0.0,0.0,-1.288588523864746,0.0,-0.13526976108551025,-0.6567714214324951,-0.0,0.0,0.0,0.0,0.0,0.0,0.0,0.0,1.3250582218170166,-0.19876305758953094,1.490691065788269,1.490691065788269,1.490691065788269,0,0,0,0
0.0,0.0,0.45140013098716736,0.0,0.0,0.0,0.0,0.0,0.0,-0.0,0.0,-0.0,0.0,0.0,-1.2828640937805176,0.0,-0.1352698802947998,-0.6539025902748108,-0.0,0.0,0.0,0.0,0.0,0.0,0.0,0.0,1.318898320198059,-0.19783790409564972,1.4837610721588135,1.4837610721588135,1.4837610721588135,0,0,0,0
0.0,0.0,0.4492151737213135,0.0,0.0,0.0,0.0,0.0,0.0,-0.0,0.0,-0.0,0.0,0.0,-1.2769314050674438,0.0,-0.13526999950408936,-0.6509295105934143,-0.0,0.0,0.0,0.0,0.0,0.0,0.0,0.0,1.3125144243240356,-0.1968790888786316,1.476579189300537,1.476579189300537,1.476579189300537,0,0,0,0
0.0,0.0,0.4469548463821411,0.0,0.0,0.0,0.0,0.0,0.0,-0.0,0.0,-0.0,0.0,0.0,-1.2707940340042114,0.0,-0.1352701187133789,-0.6478538513183594,-0.0,0.0,0.0,0.0,0.0,0.0,0.0,0.0,1.3059102296829224,-0.19588720798492432,1.4691495895385742,1.4691495895385742,1.4691495895385742,0,0,0,0
0.0,0.0,0.4446205198764801,0.0,0.0,0.0,0.0,0.0,0.0,-0.0,0.0,-0.0,0.0,0.0,-1.2644555568695068,0.0,-0.13527023792266846,-0.6446773409843445,-0.0,0.0,0.0,0.0,0.0,0.0,0.0,0.0,1.2990896701812744,-0.19486282765865326,1.4614763259887695,1.4614763259887695,1.4614763259887695,0,0,0,0
0.0,0.0,0.44221341609954834,0.0,0.0,0.0,0.0,0.0,0.0,-0.0,0.0,-0.0,0.0,0.0,-1.2579197883605957,0.0,-0.135270357131958,-0.6414019465446472,-0.0,0.0,0.0,0.0,0.0,0.0,0.0,0.0,1.292056679725647,-0.19380654394626617,1.4535644054412842,1.4535644054412842,1.4535644054412842,0,0,0,0
0.0,0.0,0.43973493576049805,0.0,0.0,0.0,0.0,0.0,0.0,-0.0,0.0,-0.0,0.0,0.0,-1.251189947128296,0.0,-0.13527046144008636,-0.6380294561386108,-0.0,0.0,0.0,0.0,0.0,0.0,0.0,0.0,1.2848150730133057,-0.19271890819072723,1.4454175233840942,1.4454175233840942,1.4454175233840942,0,0,0,0
0.0,0.0,0.4371863305568695,0.0,0.0,0.0,0.0,0.0,0.0,-0.0,0.0,-0.0,0.0,0.0,-1.244269847869873,0.0,-0.1352705955505371,-0.6345614790916443,-0.0,0.0,0.0,0.0,0.0,0.0,0.0,0.0,1.2773685455322266,-0.19160053133964539,1.4370402097702026,1.4370402097702026,1.4370402097702026,0,0,0,0
0.0,0.0,0.43456897139549255,0.0,0.0,0.0,0.0,0.0,0.0,-0.0,0.0,-0.0,0.0,0.0,-1.2371630668640137,0.0,-0.13527069985866547,-0.6309999823570251,-0.0,0.0,0.0,0.0,0.0,0.0,0.0,0.0,1.2697211503982544,-0.1904519647359848,1.4284368753433228,1.4284368753433228,1.4284368753433228,0,0,0,0
0.0,0.0,0.4318840801715851,0.0,0.0,0.0,0.0,0.0,0.0,-0.0,0.0,-0.0,0.0,0.0,-1.2298729419708252,0.0,-0.13527080416679382,-0.6273465156555176,-0.0,0.0,0.0,0.0,0.0,0.0,0.0,0.0,1.2618765830993652,-0.18927375972270966,1.4196115732192993,1.4196115732192993,1.4196115732192993,0,0,0,0
0.0,0.0,0.4291330873966217,0.0,0.0,0.0,0.0,0.0,0.0,-0.0,0.0,-0.0,0.0,0.0,-1.2224031686782837,0.0,-0.13527090847492218,-0.623603105545044,-0.0,0.0,0.0,0.0,0.0,0.0,0.0,0.0,1.2538386583328247,-0.18806655704975128,1.4105690717697144,1.4105690717697144,1.4105690717697144,0,0,0,0
0.0,0.0,0.4263172745704651,0.0,0.0,0.0,0.0,0.0,0.0,-0.0,0.0,-0.0,0.0,0.0,-1.2147574424743652,0.0,-0.13527101278305054,-0.6197715401649475,-0.0,0.0,0.0,0.0,0.0,0.0,0.0,0.0,1.2456114292144775,-0.18683087825775146,1.401313304901123,1.401313304901123,1.401313304901123,0,0,0,0
0.0,0.0,0.4234378933906555,0.0,0.0,0.0,0.0,0.0,0.0,-0.0,0.0,-0.0,0.0,0.0,-1.2069392204284668,0.0,-0.1352711319923401,-0.615853488445282,-0.0,0.0,0.0,0.0,0.0,0.0,0.0,0.0,1.2371984720230103,-0.18556733429431915,1.3918486833572388,1.3918486833572388,1.3918486833572388,0,0,0,0
0.0,0.0,0.42049628496170044,0.0,0.0,0.0,0.0,0.0,0.0,-0.0,0.0,-0.0,0.0,0.0,-1.1989519596099854,0.0,-0.13527122139930725,-0.6118507385253906,-0.0,0.0,0.0,0.0,0.0,0.0,0.0,0.0,1.228603720664978,-0.1842765063047409,1.382179617881775,1.382179617881775,1.382179617881775,0,0,0,0
0.0,0.0,0.4174937605857849,0.0,0.0,0.0,0.0,0.0,0.0,-0.0,0.0,-0.0,0.0,0.0,-1.1907992362976074,0.0,-0.1352713257074356,-0.6077651381492615,-0.0,0.0,0.0,0.0,0.0,0.0,0.0,0.0,1.219830870628357,-0.18295890092849731,1.3723104000091553,1.3723104000091553,1.3723104000091553,0,0,0,0
0.0,0.0,0.41443172097206116,0.0,0.0,0.0,0.0,0.0,0.0,-0.0,0.0,-0.0,0.0,0.0,-1.1824849843978882,0.0,-0.13527141511440277,-0.6035984754562378,-0.0,0.0,0.0,0.0,0.0,0.0,0.0,0.0,1.2108842134475708,-0.1816151887178421,1.3622452020645142,1.3622452020645142,1.3622452020645142,0,0,0,0
0.0,0.0,0.4113113284111023,0.0,0.0,0.0,0.0,0.0,0.0,-0.0,0.0,-0.0,0.0,0.0,-1.174012303352356,0.0,-0.13527151942253113,-0.5993524789810181,-0.0,0.0,0.0,0.0,0.0,0.0,0.0,0.0,1.2017672061920166,-0.18024590611457825,1.3519885540008545,1.3519885540008545,1.3519885540008545,0,0,0,0
0.0,0.0,0.4081340730190277,0.0,0.0,0.0,0.0,0.0,0.0,-0.0,0.0,-0.0,0.0,0.0,-1.165385127067566,0.0,-0.13527163863182068,-0.5950289964675903,-0.0,0.0,0.0,0.0,0.0,0.0,0.0,0.0,1.1924837827682495,-0.17885161936283112,1.3415447473526,1.3415447473526,1.3415447473526,0,0,0,0
0.0,0.0,0.40490108728408813,0.0,0.0,0.0,0.0,0.0,0.0,-0.0,0.0,-0.0,0.0,0.0,-1.156606912612915,0.0,-0.13527171313762665,-0.5906298160552979,-0.0,0.0,0.0,0.0,0.0,0.0,0.0,0.0,1.1830377578735352,-0.17743290960788727,1.3309179544448853,1.3309179544448853,1.3309179544448853,0,0,0,0
0.0,0.0,0.4016137719154358,0.0,0.0,0.0,0.0,0.0,0.0,-0.0,0.0,-0.0,0.0,0.0,-1.1476808786392212,0.0,-0.135271817445755,-0.5861567258834839,-0.0,0.0,0.0,0.0,0.0,0.0,0.0,0.0,1.1734329462051392,-0.17599037289619446,1.3201124668121338,1.3201124668121338,1.3201124668121338,0,0,0,0
0.0,0.0,0.3982734978199005,0.0,0.0,0.0,0.0,0.0,0.0,-0.0,0.0,-0.0,0.0,0.0,-1.138611078262329,0.0,-0.13527190685272217,-0.5816114544868469,-0.0,0.0,0.0,0.0,0.0,0.0,0.0,0.0,1.1636732816696167,-0.17452456057071686,1.3091329336166382,1.3091329336166382,1.3091329336166382,0,0,0,0
0.0,0.0,0.3948815166950226,0.0,0.0,0.0,0.0,0.0,0.0,-0.0,0.0,-0.0,0.0,0.0,-1.1294009685516357,0.0,-0.13527199625968933,-0.5769959092140198,-0.0,0.0,0.0,0.0,0.0,0.0,0.0,0.0,1.1537625789642334,-0.17303606867790222,1.2979834079742432,1.2979834079742432,1.2979834079742432,0,0,0,0
0.0,0.0,0.39143913984298706,0.0,0.0,0.0,0.0,0.0,0.0,-0.0,0.0,-0.0,0.0,0.0,-1.1200541257858276,0.0,-0.1352720856666565,-0.5723116993904114,-0.0,0.0,0.0,0.0,0.0,0.0,0.0,0.0,1.1437047719955444,-0.17152546346187592,1.286668300628662,1.286668300628662,1.286668300628662,0,0,0,0
0.0,0.0,0.3879477381706238,0.0,0.0,0.0,0.0,0.0,0.0,-0.0,0.0,-0.0,0.0,0.0,-1.1105738878250122,0.0,-0.13527217507362366,-0.5675608515739441,-0.0,0.0,0.0,0.0,0.0,0.0,0.0,0.0,1.1335035562515259,-0.1699933260679245,1.2751919031143188,1.2751919031143188,1.2751919031143188,0,0,0,0
0.0,0.0,0.38440850377082825,0.0,0.0,0.0,0.0,0.0,0.0,-0.0,0.0,-0.0,0.0,0.0,-1.100963830947876,0.0,-0.13527226448059082,-0.5627447962760925,-0.0,0.0,0.0,0.0,0.0,0.0,0.0,0.0,1.1231625080108643,-0.16844020783901215,1.263558268547058,1.263558268547058,1.263558268547058,0,0,0,0
0.0,0.0,0.3808228671550751,0.0,0.0,0.0,0.0,0.0,0.0,-0.0,0.0,-0.0,0.0,0.0,-1.0912280082702637,0.0,-0.1352723389863968,-0.5578658580780029,-0.0,0.0,0.0,0.0,0.0,0.0,0.0,0.0,1.112686276435852,-0.16686676442623138,1.251772403717041,1.251772403717041,1.251772403717041,0,0,0,0
0.0,0.0,0.37719208002090454,0.0,0.0,0.0,0.0,0.0,0.0,-0.0,0.0,-0.0,0.0,0.0,-1.0813695192337036,0.0,-0.13527244329452515,-0.5529252290725708,-0.0,0.0,0.0,0.0,0.0,0.0,0.0,0.0,1.1020777225494385,-0.1652734875679016,1.2398380041122437,1.2398380041122437,1.2398380041122437,0,0,0,0
0.0,0.0,0.3735174536705017,0.0,0.0,0.0,0.0,0.0,0.0,-0.0,0.0,-0.0,0.0,0.0,-1.0713918209075928,0.0,-0.13527251780033112,-0.5479250550270081,-0.0,0.0,0.0,0.0,0.0,0.0,0.0,0.0,1.091341257095337,-0.1636609584093094,1.2277593612670898,1.2277593612670898,1.2277593612670898,0,0,0,0
0.0,0.0,0.3698004186153412,0.0,0.0,0.0,0.0,0.0,0.0,-0.0,0.0,-0.0,0.0,0.0,-1.0612990856170654,0.0,-0.13527259230613708,-0.5428671836853027,-0.0,0.0,0.0,0.0,0.0,0.0,0.0,0.0,1.080480933189392,-0.16202983260154724,1.2155413627624512,1.2155413627624512,1.2155413627624512,0,0,0,0
0.0,0.0,0.3660421371459961,0.0,0.0,0.0,0.0,0.0,0.0,-0.0,0.0,-0.0,0.0,0.0,-1.0510942935943604,0.0,-0.13527266681194305,-0.537753164768219,-0.0,0.0,0.0,0.0,0.0,0.0,0.0,0.0,1.0694998502731323,-0.16038058698177338,1.2031879425048828,1.2031879425048828,1.2031879425048828,0,0,0,0
0.0,0.0,0.3622440695762634,0.0,0.0,0.0,0.0,0.0,0.0,-0.0,0.0,-0.0,0.0,0.0,-1.0407814979553223,0.0,-0.13527274131774902,-0.5325849652290344,-0.0,0.0,0.0,0.0,0.0,0.0,0.0,0.0,1.05840265750885,-0.15871389210224152,1.1907033920288086,1.1907033920288086,1.1907033920288086,0,0,0,0
0.0,0.0,0.35840731859207153,0.0,0.0,0.0,0.0,0.0,0.0,-0.0,0.0,-0.0,0.0,0.0,-1.0303637981414795,0.0,-0.1352728307247162,-0.527364194393158,-0.0,0.0,0.0,0.0,0.0,0.0,0.0,0.0,1.0471924543380737,-0.15703023970127106,1.1780920028686523,1.1780920028686523,1.1780920028686523,0,0,0,0
0.0,0.0,0.3545333743095398,0.0,0.0,0.0,0.0,0.0,0.0,-0.0,0.0,-0.0,0.0,0.0,-1.0198450088500977,0.0,-0.13527289032936096,-0.5220927596092224,-0.0,0.0,0.0,0.0,0.0,0.0,0.0,0.0,1.035873532295227,-0.15533022582530975,1.1653581857681274,1.1653581857681274,1.1653581857681274,0,0,0,0
0.0,0.0,0.35062354803085327,0.0,0.0,0.0,0.0,0.0,0.0,-0.0,0.0,-0.0,0.0,0.0,-1.0092288255691528,0.0,-0.13527297973632812,-0.5167725682258606,-0.0,0.0,0.0,0.0,0.0,0.0,0.0,0.0,1.0244499444961548,-0.15361450612545013,1.1525065898895264,1.1525065898895264,1.1525065898895264,0,0,0,0
0.0,0.0,0.34667903184890747,0.0,0.0,0.0,0.0,0.0,0.0,-0.0,0.0,-0.0,0.0,0.0,-0.9985183477401733,0.0,-0.1352730393409729,-0.5114051103591919,-0.0,0.0,0.0,0.0,0.0,0.0,0.0,0.0,1.0129249095916748,-0.1518835574388504,1.1395409107208252,1.1395409107208252,1.1395409107208252,0,0,0,0
0.0,0.0,0.34270134568214417,0.0,0.0,0.0,0.0,0.0,0.0,-0.0,0.0,-0.0,0.0,0.0,-0.9877178072929382,0.0,-0.13527311384677887,-0.5059925317764282,-0.0,0.0,0.0,0.0,0.0,0.0,0.0,0.0,1.0013028383255005,-0.1501380354166031,1.126466155052185,1.126466155052185,1.126466155052185,0,0,0,0
0.0,0.0,0.3386915326118469,0.0,0.0,0.0,0.0,0.0,0.0,-0.0,0.0,-0.0,0.0,0.0,-0.9768301248550415,0.0,-0.13527320325374603,-0.5005362629890442,-0.0,0.0,0.0,0.0,0.0,0.0,0.0,0.0,0.9895870685577393,-0.1483784168958664,1.1132858991622925,1.1132858991622925,1.1132858991622925,0,0,0,0
0.0,0.0,0.33465105295181274,0.0,0.0,0.0,0.0,0.0,0.0,-0.0,0.0,-0.0,0.0,0.0,-0.9658591747283936,0.0,-0.1352732628583908,-0.495038241147995,-0.0,0.0,0.0,0.0,0.0,0.0,0.0,0.0,0.9777816534042358,-0.14660535752773285,1.10000479221344,1.10000479221344,1.10000479221344,0,0,0,0
0.0,0.0,0.3305813670158386,0.0,0.0,0.0,0.0,0.0,0.0,-0.0,0.0,-0.0,0.0,0.0,-0.9548088312149048,0.0,-0.13527332246303558,-0.4895004630088806,-0.0,0.0,0.0,0.0,0.0,0.0,0.0,0.0,0.9658907651901245,-0.1448194682598114,1.08662748336792,1.08662748336792,1.08662748336792,0,0,0,0
0.0,0.0,0.32648351788520813,0.0,0.0,0.0,0.0,0.0,0.0,-0.0,0.0,-0.0,0.0,0.0,-0.9436821341514587,0.0,-0.13527338206768036,-0.48392438888549805,-0.0,0.0,0.0,0.0,0.0,0.0,0.0,0.0,0.9539177417755127,-0.14302122592926025,1.073157787322998,1.073157787322998,1.073157787322998,0,0,0,0
0.0,0.0,0.32235902547836304,0.0,0.0,0.0,0.0,0.0,0.0,-0.0,0.0,-0.0,0.0,0.0,-0.9324830174446106,0.0,-0.13527344167232513,-0.47831201553344727,-0.0,0.0,0.0,0.0,0.0,0.0,0.0,0.0,0.9418667554855347,-0.14121128618717194,1.0596004724502563,1.0596004724502563,1.0596004724502563,0,0,0,0
0.0,0.0,0.3182090222835541,0.0,0.0,0.0,0.0,0.0,0.0,-0.0,0.0,-0.0,0.0,0.0,-0.9212146997451782,0.0,-0.1352735310792923,-0.472665011882782,-0.0,0.0,0.0,0.0,0.0,0.0,0.0,0.0,0.929741382598877,-0.13939017057418823,1.04595947265625,1.04595947265625,1.04595947265625,0,0,0,0
0.0,0.0,0.31403493881225586,0.0,0.0,0.0,0.0,0.0,0.0,-0.0,0.0,-0.0,0.0,0.0,-0.9098808765411377,0.0,-0.13527357578277588,-0.46698516607284546,-0.0,0.0,0.0,0.0,0.0,0.0,0.0,0.0,0.9175455570220947,-0.1375584602355957,1.0322390794754028,1.0322390794754028,1.0322390794754028,0,0,0,0
0.0,0.0,0.3098381459712982,0.0,0.0,0.0,0.0,0.0,0.0,-0.0,0.0,-0.0,0.0,0.0,-0.8984854817390442,0.0,-0.13527363538742065,-0.46127447485923767,-0.0,0.0,0.0,0.0,0.0,0.0,0.0,0.0,0.9052833914756775,-0.13571681082248688,1.0184441804885864,1.0184441804885864,1.0184441804885864,0,0,0,0
0.0,0.0,0.3056198060512543,0.0,0.0,0.0,0.0,0.0,0.0,-0.0,0.0,-0.0,0.0,0.0,-0.887031614780426,0.0,-0.13527369499206543,-0.4555343985557556,-0.0,0.0,0.0,0.0,0.0,0.0,0.0,0.0,0.8929582834243774,-0.13386568427085876,1.0045783519744873,1.0045783519744873,1.0045783519744873,0,0,0,0
0.0,0.0,0.3013814389705658,0.0,0.0,0.0,0.0,0.0,0.0,-0.0,0.0,-0.0,0.0,0.0,-0.8755232095718384,0.0,-0.1352737545967102,-0.449767142534256,-0.0,0.0,0.0,0.0,0.0,0.0,0.0,0.0,0.880574643611908,-0.13200578093528748,0.9906467795372009,0.9906467795372009,0.9906467795372009,0,0,0,0
0.0,0.0,0.29712408781051636,0.0,0.0,0.0,0.0,0.0,0.0,-0.0,0.0,-0.0,0.0,0.0,-0.8639634847640991,0.0,-0.13527382910251617,-0.44397401809692383,-0.0,0.0,0.0,0.0,0.0,0.0,0.0,0.0,0.8681355714797974,-0.13013754785060883,0.9766528606414795,0.9766528606414795,0.9766528606414795,0,0,0,0
0.0,0.0,0.29284924268722534,0.0,0.0,0.0,0.0,0.0,0.0,-0.0,0.0,-0.0,0.0,0.0,-0.8523560166358948,0.0,-0.13527387380599976,-0.4381570518016815,-0.0,0.0,0.0,0.0,0.0,0.0,0.0,0.0,0.8556452393531799,-0.12826162576675415,0.9626013040542603,0.9626013040542603,0.9626013040542603,0,0,0,0
0.0,0.0,0.2885582447052002,0.0,0.0,0.0,0.0,0.0,0.0,-0.0,0.0,-0.0,0.0,0.0,-0.8407049179077148,0.0,-0.13527393341064453,-0.43231821060180664,-0.0,0.0,0.0,0.0,0.0,0.0,0.0,0.0,0.8431078791618347,-0.1263786256313324,0.9484967589378357,0.9484967589378357,0.9484967589378357,0,0,0,0
0.0,0.0,0.2842522859573364,0.0,0.0,0.0,0.0,0.0,0.0,-0.0,0.0,-0.0,0.0,0.0,-0.8290131092071533,0.0,-0.1352739781141281,-0.4264589250087738,-0.0,0.0,0.0,0.0,0.0,0.0,0.0,0.0,0.8305267691612244,-0.12448905408382416,0.9343429803848267,0.9343429803848267,0.9343429803848267,0,0,0,0
0.0,0.0,0.27993282675743103,0.0,0.0,0.0,0.0,0.0,0.0,-0.0,0.0,-0.0,0.0,0.0,-0.8172845840454102,0.0,-0.1352740228176117,-0.42058128118515015,-0.0,0.0,0.0,0.0,0.0,0.0,0.0,0.0,0.8179062604904175,-0.12259356677532196,0.92014479637146,0.92014479637146,0.92014479637146,0,0,0,0
0.0,0.0,0.27560102939605713,0.0,0.0,0.0,0.0,0.0,0.0,-0.0,0.0,-0.0,0.0,0.0,-0.8055225610733032,0.0,-0.13527408242225647,-0.4146868586540222,-0.0,0.0,0.0,0.0,0.0,0.0,0.0,0.0,0.8052495121955872,-0.1206926554441452,0.905906081199646,0.905906081199646,0.905906081199646,0,0,0,0
0.0,0.0,0.27125826478004456,0.0,0.0,0.0,0.0,0.0,0.0,-0.0,0.0,-0.0,0.0,0.0,-0.7937307953834534,0.0,-0.13527412712574005,-0.40877747535705566,-0.0,0.0,0.0,0.0,0.0,0.0,0.0,0.0,0.792560875415802,-0.11878693103790283,0.8916313052177429,0.8916313052177429,0.8916313052177429,0,0,0,0
0.0,0.0,0.2669059634208679,0.0,0.0,0.0,0.0,0.0,0.0,-0.0,0.0,-0.0,0.0,0.0,-0.7819131016731262,0.0,-0.13527418673038483,-0.40285512804985046,-0.0,0.0,0.0,0.0,0.0,0.0,0.0,0.0,0.7798442840576172,-0.11687701940536499,0.8773251175880432,0.8773251175880432,0.8773251175880432,0,0,0,0
0.0,0.0,0.2625451982021332,0.0,0.0,0.0,0.0,0.0,0.0,-0.0,0.0,-0.0,0.0,0.0,-0.7700725793838501,0.0,-0.13527421653270721,-0.3969213366508484,-0.0,0.0,0.0,0.0,0.0,0.0,0.0,0.0,0.7671031355857849,-0.11496341228485107,0.8629913330078125,0.8629913330078125,0.8629913330078125,0,0,0,0
0.0,0.0,0.25817757844924927,0.0,0.0,0.0,0.0,0.0,0.0,-0.0,0.0,-0.0,0.0,0.0,-0.7582132816314697,0.0,-0.135274276137352,-0.3909781575202942,-0.0,0.0,0.0,0.0,0.0,0.0,0.0,0.0,0.7543418407440186,-0.113046795129776,0.8486348390579224,0.8486348390579224,0.8486348390579224,0,0,0,0
0.0,0.0,0.25380411744117737,0.0,0.0,0.0,0.0,0.0,0.0,-0.0,0.0,-0.0,0.0,0.0,-0.7463381886482239,0.0,-0.13527432084083557,-0.38502705097198486,-0.0,0.0,0.0,0.0,0.0,0.0,0.0,0.0,0.7415635585784912,-0.11112760007381439,0.8342591524124146,0.8342591524124146,0.8342591524124146,0,0,0,0
0.0,0.0,0.24942630529403687,0.0,0.0,0.0,0.0,0.0,0.0,-0.0,0.0,-0.0,0.0,0.0,-0.734451174736023,0.0,-0.13527436554431915,-0.3790700137615204,-0.0,0.0,0.0,0.0,0.0,0.0,0.0,0.0,0.7287724018096924,-0.10920649766921997,0.8198691606521606,0.8198691606521606,0.8198691606521606,0,0,0,0
0.0,0.0,0.2450455129146576,0.0,0.0,0.0,0.0,0.0,0.0,-0.0,0.0,-0.0,0.0,0.0,-0.7225562334060669,0.0,-0.13527441024780273,-0.3731089234352112,-0.0,0.0,0.0,0.0,0.0,0.0,0.0,0.0,0.7159726023674011,-0.10728409886360168,0.8054695129394531,0.8054695129394531,0.8054695129394531,0,0,0,0
0.0,0.0,0.24066287279129028,0.0,0.0,0.0,0.0,0.0,0.0,-0.0,0.0,-0.0,0.0,0.0,-0.7106561660766602,0.0,-0.13527444005012512,-0.367145299911499,-0.0,0.0,0.0,0.0,0.0,0.0,0.0,0.0,0.7031674385070801,-0.10536087304353714,0.791063666343689,0.791063666343689,0.791063666343689,0,0,0,0
0.0,0.0,0.2362799346446991,0.0,0.0,0.0,0.0,0.0,0.0,-0.0,0.0,-0.0,0.0,0.0,-0.6987552642822266,0.0,-0.1352744847536087,-0.3611813187599182,-0.0,0.0,0.0,0.0,0.0,0.0,0.0,0.0,0.6903614401817322,-0.10343752801418304,0.7766568660736084,0.7766568660736084,0.7766568660736084,0,0,0,0
0.0,0.0,0.23189769685268402,0.0,0.0,0.0,0.0,0.0,0.0,-0.0,0.0,-0.0,0.0,0.0,-0.6868562698364258,0.0,-0.13527454435825348,-0.3552182912826538,-0.0,0.0,0.0,0.0,0.0,0.0,0.0,0.0,0.6775574684143066,-0.10151448845863342,0.7622523903846741,0.7622523903846741,0.7622523903846741,0,0,0,0
0.0,0.0,0.22751767933368683,0.0,0.0,0.0,0.0,0.0,0.0,-0.0,0.0,-0.0,0.0,0.0,-0.6749634742736816,0.0,-0.13527457416057587,-0.3492582142353058,-0.0,0.0,0.0,0.0,0.0,0.0,0.0,0.0,0.6647598743438721,-0.0995924174785614,0.7478551864624023,0.7478551864624023,0.7478551864624023,0,0,0,0
0.0,0.0,0.22314126789569855,0.0,0.0,0.0,0.0,0.0,0.0,-0.0,0.0,-0.0,0.0,0.0,-0.6630802750587463,0.0,-0.13527460396289825,-0.3433030843734741,-0.0,0.0,0.0,0.0,0.0,0.0,0.0,0.0,0.6519730091094971,-0.09767193347215652,0.7334698438644409,0.7334698438644409,0.7334698438644409,0,0,0,0
0.0,0.0,0.21876958012580872,0.0,0.0,0.0,0.0,0.0,0.0,-0.0,0.0,-0.0,0.0,0.0,-0.6512100696563721,0.0,-0.13527464866638184,-0.3373543620109558,-0.0,0.0,0.0,0.0,0.0,0.0,0.0,0.0,0.6391997933387756,-0.09575353562831879,0.7190999984741211,0.7190999984741211,0.7190999984741211,0,0,0,0
0.0,0.0,0.2144041508436203,0.0,0.0,0.0,0.0,0.0,0.0,-0.0,0.0,-0.0,0.0,0.0,-0.6393567323684692,0.0,-0.13527467846870422,-0.3314141631126404,-0.0,0.0,0.0,0.0,0.0,0.0,0.0,0.0,0.6264448165893555,-0.09383786469697952,0.704750657081604,0.704750657081604,0.704750657081604,0,0,0,0
0.0,0.0,0.21004603803157806,0.0,0.0,0.0,0.0,0.0,0.0,-0.0,0.0,-0.0,0.0,0.0,-0.6275232434272766,0.0,-0.1352747231721878,-0.32548391819000244,-0.0,0.0,0.0,0.0,0.0,0.0,0.0,0.0,0.6137113571166992,-0.09192541241645813,0.6904255151748657,0.6904255151748657,0.6904255151748657,0,0,0,0
0.0,0.0,0.2056966871023178,0.0,0.0,0.0,0.0,0.0,0.0,-0.0,0.0,-0.0,0.0,0.0,-0.6157135367393494,0.0,-0.1352747678756714,-0.31956565380096436,-0.0,0.0,0.0,0.0,0.0,0.0,0.0,0.0,0.6010034084320068,-0.09001679718494415,0.676129162311554,0.676129162311554,0.676129162311554,0,0,0,0
0.0,0.0,0.20135752856731415,0.0,0.0,0.0,0.0,0.0,0.0,-0.0,0.0,-0.0,0.0,0.0,-0.6039316654205322,0.0,-0.13527478277683258,-0.31366121768951416,-0.0,0.0,0.0,0.0,0.0,0.0,0.0,0.0,0.5883253216743469,-0.08811266720294952,0.6618662476539612,0.6618662476539612,0.6618662476539612,0,0,0,0
0.0,0.0,0.19702962040901184,0.0,0.0,0.0,0.0,0.0,0.0,-0.0,0.0,-0.0,0.0,0.0,-0.5921802520751953,0.0,-0.13527482748031616,-0.30777209997177124,-0.0,0.0,0.0,0.0,0.0,0.0,0.0,0.0,0.575680136680603,-0.08621346950531006,0.6476404070854187,0.6476404070854187,0.6476404070854187,0,0,0,0
0.0,0.0,0.19271458685398102,0.0,0.0,0.0,0.0,0.0,0.0,-0.0,0.0,-0.0,0.0,0.0,-0.5804636478424072,0.0,-0.13527485728263855,-0.3019004464149475,-0.0,0.0,0.0,0.0,0.0,0.0,0.0,0.0,0.5630724430084229,-0.08431991189718246,0.6334567666053772,0.6334567666053772,0.6334567666053772,0,0,0,0
0.0,0.0,0.18841342628002167,0.0,0.0,0.0,0.0,0.0,0.0,-0.0,0.0,-0.0,0.0,0.0,-0.5687849521636963,0.0,-0.13527488708496094,-0.2960476875305176,-0.0,0.0,0.0,0.0,0.0,0.0,0.0,0.0,0.5505052804946899,-0.08243244886398315,0.6193187236785889,0.6193187236785889,0.6193187236785889,0,0,0,0
0.0,0.0,0.18412762880325317,0.0,0.0,0.0,0.0,0.0,0.0,-0.0,0.0,-0.0,0.0,0.0,-0.5571478605270386,0.0,-0.13527493178844452,-0.2902158796787262,-0.0,0.0,0.0,0.0,0.0,0.0,0.0,0.0,0.5379830598831177,-0.08055172860622406,0.6052311658859253,0.6052311658859253,0.6052311658859253,0,0,0,0
0.0,0.0,0.17985856533050537,0.0,0.0,0.0,0.0,0.0,0.0,-0.0,0.0,-0.0,0.0,0.0,-0.5455562472343445,0.0,-0.1352749466896057,-0.2844068109989166,-0.0,0.0,0.0,0.0,0.0,0.0,0.0,0.0,0.5255097150802612,-0.07867836207151413,0.5911986827850342,0.5911986827850342,0.5911986827850342,0,0,0,0
0.0,0.0,0.1756073534488678,0.0,0.0,0.0,0.0,0.0,0.0,-0.0,0.0,-0.0,0.0,0.0,-0.534013032913208,0.0,-0.1352749615907669,-0.2786220908164978,-0.0,0.0,0.0,0.0,0.0,0.0,0.0,0.0,0.5130886435508728,-0.07681281119585037,0.577224850654602,0.577224850654602,0.577224850654602,0,0,0,0
0.0,0.0,0.17137554287910461,0.0,0.0,0.0,0.0,0.0,0.0,-0.0,0.0,-0.0,0.0,0.0,-0.522522509098053,0.0,-0.1352750062942505,-0.2728636860847473,-0.0,0.0,0.0,0.0,0.0,0.0,0.0,0.0,0.5007240772247314,-0.0749557688832283,0.5633148550987244,0.5633148550987244,0.5633148550987244,0,0,0,0
0.0,0.0,0.1671641767024994,0.0,0.0,0.0,0.0,0.0,0.0,-0.0,0.0,-0.0,0.0,0.0,-0.5110875964164734,0.0,-0.13527503609657288,-0.2671331763267517,-0.0,0.0,0.0,0.0,0.0,0.0,0.0,0.0,0.48841947317123413,-0.07310772687196732,0.5494720935821533,0.5494720935821533,0.5494720935821533,0,0,0,0
0.0,0.0,0.1629747599363327,0.0,0.0,0.0,0.0,0.0,0.0,-0.0,0.0,-0.0,0.0,0.0,-0.49971210956573486,0.0,-0.13527505099773407,-0.2614324390888214,-0.0,0.0,0.0,0.0,0.0,0.0,0.0,0.0,0.47617876529693604,-0.07126930356025696,0.535701334476471,0.535701334476471,0.535701334476471,0,0,0,0
0.0,0.0,0.1588086634874344,0.0,0.0,0.0,0.0,0.0,0.0,-0.0,0.0,-0.0,0.0,0.0,-0.48840010166168213,0.0,-0.13527506589889526,-0.2557635009288788,-0.0,0.0,0.0,0.0,0.0,0.0,0.0,0.0,0.46400630474090576,-0.06944109499454498,0.5220072865486145,0.5220072865486145,0.5220072865486145,0,0,0,0
0.0,0.0,0.15466703474521637,0.0,0.0,0.0,0.0,0.0,0.0,-0.0,0.0,-0.0,0.0,0.0,-0.4771544337272644,0.0,-0.13527511060237885,-0.2501278817653656,-0.0,0.0,0.0,0.0,0.0,0.0,0.0,0.0,0.45190519094467163,-0.06762363761663437,0.5083935260772705,0.5083935260772705,0.5083935260772705,0,0,0,0
0.0,0.0,0.15055127441883087,0.0,0.0,0.0,0.0,0.0,0.0,-0.0,0.0,-0.0,0.0,0.0,-0.46597909927368164,0.0,-0.13527514040470123,-0.2445273995399475,-0.0,0.0,0.0,0.0,0.0,0.0,0.0,0.0,0.4398798942565918,-0.06581753492355347,0.4948650002479553,0.4948650002479553,0.4948650002479553,0,0,0,0
0.0,0.0,0.14646261930465698,0.0,0.0,0.0,0.0,0.0,0.0,-0.0,0.0,-0.0,0.0,0.0,-0.4548773169517517,0.0,-0.13527515530586243,-0.23896387219429016,-0.0,0.0,0.0,0.0,0.0,0.0,0.0,0.0,0.4279336929321289,-0.06402333080768585,0.4814257025718689,0.4814257025718689,0.4814257025718689,0,0,0,0
0.0,0.0,0.14240242540836334,0.0,0.0,0.0,0.0,0.0,0.0,-0.0,0.0,-0.0,0.0,0.0,-0.4438527822494507,0.0,-0.13527517020702362,-0.23343896865844727,-0.0,0.0,0.0,0.0,0.0,0.0,0.0,0.0,0.4160706400871277,-0.062241628766059875,0.4680796265602112,0.4680796265602112,0.4680796265602112,0,0,0,0
0.0,0.0,0.13837218284606934,0.0,0.0,0.0,0.0,0.0,0.0,-0.0,0.0,-0.0,0.0,0.0,-0.4329094886779785,0.0,-0.135275200009346,-0.2279548943042755,-0.0,0.0,0.0,0.0,0.0,0.0,0.0,0.0,0.40429508686065674,-0.06047304719686508,0.45483213663101196,0.45483213663101196,0.45483213663101196,0,0,0,0
0.0,0.0,0.13437286019325256,0.0,0.0,0.0,0.0,0.0,0.0,-0.0,0.0,-0.0,0.0,0.0,-0.4220503568649292,0.0,-0.135275200009346,-0.22251290082931519,-0.0,0.0,0.0,0.0,0.0,0.0,0.0,0.0,0.3926098942756653,-0.05871804803609848,0.44168639183044434,0.44168639183044434,0.44168639183044434,0,0,0,0
0.0,0.0,0.13040611147880554,0.0,0.0,0.0,0.0,0.0,0.0,-0.0,0.0,-0.0,0.0,0.0,-0.41127949953079224,0.0,-0.1352752447128296,-0.21711522340774536,-0.0,0.0,0.0,0.0,0.0,0.0,0.0,0.0,0.38101983070373535,-0.05697730928659439,0.4286474585533142,0.4286474585533142,0.4286474585533142,0,0,0,0
0.0,0.0,0.12647300958633423,0.0,0.0,0.0,0.0,0.0,0.0,-0.0,0.0,-0.0,0.0,0.0,-0.4006001353263855,0.0,-0.13527525961399078,-0.21176335215568542,-0.0,0.0,0.0,0.0,0.0,0.0,0.0,0.0,0.36952823400497437,-0.05525137484073639,0.4157193899154663,0.4157193899154663,0.4157193899154663,0,0,0,0
0.0,0.0,0.12257492542266846,0.0,0.0,0.0,0.0,0.0,0.0,-0.0,0.0,-0.0,0.0,0.0,-0.39001578092575073,0.0,-0.13527527451515198,-0.20645904541015625,-0.0,0.0,0.0,0.0,0.0,0.0,0.0,0.0,0.3581387996673584,-0.053540781140327454,0.40290623903274536,0.40290623903274536,0.40290623903274536,0,0,0,0
0.0,0.0,0.11871328949928284,0.0,0.0,0.0,0.0,0.0,0.0,-0.0,0.0,-0.0,0.0,0.0,-0.3795304298400879,0.0,-0.13527528941631317,-0.20120441913604736,-0.0,0.0,0.0,0.0,0.0,0.0,0.0,0.0,0.34685593843460083,-0.051846206188201904,0.3902130126953125,0.3902130126953125,0.3902130126953125,0,0,0,0
0.0,0.0,0.11488932371139526,0.0,0.0,0.0,0.0,0.0,0.0,-0.0,0.0,-0.0,0.0,0.0,-0.3691473603248596,0.0,-0.13527530431747437,-0.19600093364715576,-0.0,0.0,0.0,0.0,0.0,0.0,0.0,0.0,0.3356829881668091,-0.05016814172267914,0.3776434063911438,0.3776434063911438,0.3776434063911438,0,0,0,0
0.0,0.0,0.11110436916351318,0.0,0.0,0.0,0.0,0.0,0.0,-0.0,0.0,-0.0,0.0,0.0,-0.3588702082633972,0.0,-0.13527531921863556,-0.19085067510604858,-0.0,0.0,0.0,0.0,0.0,0.0,0.0,0.0,0.32462412118911743,-0.0485072135925293,0.36520230770111084,0.36520230770111084,0.36520230770111084,0,0,0,0
0.0,0.0,0.10735964775085449,0.0,0.0,0.0,0.0,0.0,0.0,-0.0,0.0,-0.0,0.0,0.0,-0.34870219230651855,0.0,-0.13527534902095795,-0.18575513362884521,-0.0,0.0,0.0,0.0,0.0,0.0,0.0,0.0,0.31368279457092285,-0.04686392843723297,0.35289323329925537,0.35289323329925537,0.35289323329925537,0,0,0,0
0.0,0.0,0.10365656018257141,0.0,0.0,0.0,0.0,0.0,0.0,-0.0,0.0,-0.0,0.0,0.0,-0.33864742517471313,0.0,-0.13527534902095795,-0.18071621656417847,-0.0,0.0,0.0,0.0,0.0,0.0,0.0,0.0,0.30286312103271484,-0.0452389121055603,0.34072136878967285,0.34072136878967285,0.34072136878967285,0,0,0,0
0.0,0.0,0.099996417760849,0.0,0.0,0.0,0.0,0.0,0.0,-0.0,0.0,-0.0,0.0,0.0,-0.3287091851234436,0.0,-0.13527537882328033,-0.17573577165603638,-0.0,0.0,0.0,0.0,0.0,0.0,0.0,0.0,0.29216909408569336,-0.043632760643959045,0.32869040966033936,0.32869040966033936,0.32869040966033936,0,0,0,0
0.0,0.0,0.0963805615901947,0.0,0.0,0.0,0.0,0.0,0.0,-0.0,0.0,-0.0,0.0,0.0,-0.3188910484313965,0.0,-0.13527537882328033,-0.17081546783447266,-0.0,0.0,0.0,0.0,0.0,0.0,0.0,0.0,0.28160417079925537,-0.042045995593070984,0.31680476665496826,0.31680476665496826,0.31680476665496826,0,0,0,0
0.0,0.0,0.09281036257743835,0.0,0.0,0.0,0.0,0.0,0.0,-0.0,0.0,-0.0,0.0,0.0,-0.30919694900512695,0.0,-0.13527540862560272,-0.16595742106437683,-0.0,0.0,0.0,0.0,0.0,0.0,0.0,0.0,0.2711728811264038,-0.04047931730747223,0.3050694465637207,0.3050694465637207,0.3050694465637207,0,0,0,0
0.0,0.0,0.08928686380386353,0.0,0.0,0.0,0.0,0.0,0.0,-0.0,0.0,-0.0,0.0,0.0,-0.299629807472229,0.0,-0.13527540862560272,-0.1611628234386444,-0.0,0.0,0.0,0.0,0.0,0.0,0.0,0.0,0.26087796688079834,-0.03893311321735382,0.29348766803741455,0.29348766803741455,0.29348766803741455,0,0,0,0
0.0,0.0,0.08581152558326721,0.0,0.0,0.0,0.0,0.0,0.0,-0.0,0.0,-0.0,0.0,0.0,-0.29019343852996826,0.0,-0.13527542352676392,-0.1564338207244873,-0.0,0.0,0.0,0.0,0.0,0.0,0.0,0.0,0.2507237195968628,-0.03740805387496948,0.2820643186569214,0.2820643186569214,0.2820643186569214,0,0,0,0
0.0,0.0,0.08238586783409119,0.0,0.0,0.0,0.0,0.0,0.0,-0.0,0.0,-0.0,0.0,0.0,-0.2808917760848999,0.0,-0.1352754384279251,-0.15177243947982788,-0.0,0.0,0.0,0.0,0.0,0.0,0.0,0.0,0.2407146692276001,-0.03590479493141174,0.27080392837524414,0.27080392837524414,0.27080392837524414,0,0,0,0
0.0,0.0,0.07901093363761902,0.0,0.0,0.0,0.0,0.0,0.0,-0.0,0.0,-0.0,0.0,0.0,-0.2717278003692627,0.0,-0.1352754384279251,-0.14718008041381836,-0.0,0.0,0.0,0.0,0.0,0.0,0.0,0.0,0.23085367679595947,-0.03442375361919403,0.25971055030822754,0.25971055030822754,0.25971055030822754,0,0,0,0
0.0,0.0,0.07568821310997009,0.0,0.0,0.0,0.0,0.0,0.0,-0.0,0.0,-0.0,0.0,0.0,-0.26270592212677,0.0,-0.1352754533290863,-0.14265882968902588,-0.0,0.0,0.0,0.0,0.0,0.0,0.0,0.0,0.2211456298828125,-0.032965704798698425,0.2487887144088745,0.2487887144088745,0.2487887144088745,0,0,0,0
0.0,0.0,0.07241886854171753,0.0,0.0,0.0,0.0,0.0,0.0,-0.0,0.0,-0.0,0.0,0.0,-0.253828763961792,0.0,-0.1352754831314087,-0.13821005821228027,-0.0,0.0,0.0,0.0,0.0,0.0,0.0,0.0,0.21159303188323975,-0.03153100609779358,0.23804235458374023,0.23804235458374023,0.23804235458374023,0,0,0,0
0.0,0.0,0.06920436024665833,0.0,0.0,0.0,0.0,0.0,0.0,-0.0,0.0,-0.0,0.0,0.0,-0.2451002597808838,0.0,-0.1352754831314087,-0.13383585214614868,-0.0,0.0,0.0,0.0,0.0,0.0,0.0,0.0,0.2022007703781128,-0.03012038767337799,0.22747600078582764,0.22747600078582764,0.22747600078582764,0,0,0,0
0.0,0.0,0.06604593992233276,0.0,0.0,0.0,0.0,0.0,0.0,-0.0,0.0,-0.0,0.0,0.0,-0.23652446269989014,0.0,-0.1352754831314087,-0.12953805923461914,-0.0,0.0,0.0,0.0,0.0,0.0,0.0,0.0,0.19297242164611816,-0.02873435616493225,0.21709418296813965,0.21709418296813965,0.21709418296813965,0,0,0,0
0.0,0.0,0.06294482946395874,0.0,0.0,0.0,0.0,0.0,0.0,-0.0,0.0,-0.0,0.0,0.0,-0.2281041145324707,0.0,-0.1352754831314087,-0.12531834840774536,-0.0,0.0,0.0,0.0,0.0,0.0,0.0,0.0,0.18391180038452148,-0.027373522520065308,0.20690083503723145,0.20690083503723145,0.20690083503723145,0,0,0,0
0.0,0.0,0.059902459383010864,0.0,0.0,0.0,0.0,0.0,0.0,-0.0,0.0,-0.0,0.0,0.0,-0.21984338760375977,0.0,-0.13527551293373108,-0.12117856740951538,-0.0,0.0,0.0,0.0,0.0,0.0,0.0,0.0,0.17502284049987793,-0.02603846788406372,0.19690072536468506,0.19690072536468506,0.19690072536468506,0,0,0,0
0.0,0.0,0.05692011117935181,0.0,0.0,0.0,0.0,0.0,0.0,-0.0,0.0,-0.0,0.0,0.0,-0.2117452621459961,0.0,-0.13527551293373108,-0.11712038516998291,-0.0,0.0,0.0,0.0,0.0,0.0,0.0,0.0,0.16630887985229492,-0.024729713797569275,0.1870976686477661,0.1870976686477661,0.1870976686477661,0,0,0,0
0.0,0.0,0.05399906635284424,0.0,0.0,0.0,0.0,0.0,0.0,-0.0,0.0,-0.0,0.0,0.0,-0.20381402969360352,0.0,-0.13527552783489227,-0.11314558982849121,-0.0,0.0,0.0,0.0,0.0,0.0,0.0,0.0,0.15777409076690674,-0.023447901010513306,0.17749595642089844,0.17749595642089844,0.17749595642089844,0,0,0,0
0.0,0.0,0.05114075541496277,0.0,0.0,0.0,0.0,0.0,0.0,-0.0,0.0,-0.0,0.0,0.0,-0.1960529088973999,0.0,-0.13527552783489227,-0.10925614833831787,-0.0,0.0,0.0,0.0,0.0,0.0,0.0,0.0,0.1494227647781372,-0.02219359576702118,0.16810083389282227,0.16810083389282227,0.16810083389282227,0,0,0,0
0.0,0.0,0.04834634065628052,0.0,0.0,0.0,0.0,0.0,0.0,-0.0,0.0,-0.0,0.0,0.0,-0.18846523761749268,0.0,-0.13527552783489227,-0.10545367002487183,-0.0,0.0,0.0,0.0,0.0,0.0,0.0,0.0,0.1412581205368042,-0.020967349410057068,0.15891540050506592,0.15891540050506592,0.15891540050506592,0,0,0,0
0.0,0.0,0.04561728239059448,0.0,0.0,0.0,0.0,0.0,0.0,-0.0,0.0,-0.0,0.0,0.0,-0.1810551881790161,0.0,-0.13527554273605347,-0.10174018144607544,-0.0,0.0,0.0,0.0,0.0,0.0,0.0,0.0,0.13328421115875244,-0.019769757986068726,0.14994490146636963,0.14994490146636963,0.14994490146636963,0,0,0,0
0.0,0.0,0.04295474290847778,0.0,0.0,0.0,0.0,0.0,0.0,-0.0,0.0,-0.0,0.0,0.0,-0.17382574081420898,0.0,-0.13527555763721466,-0.0981171727180481,-0.0,0.0,0.0,0.0,0.0,0.0,0.0,0.0,0.1255049705505371,-0.01860135793685913,0.14119315147399902,0.14119315147399902,0.14119315147399902,0,0,0,0
0.0,0.0,0.040360093116760254,0.0,0.0,0.0,0.0,0.0,0.0,-0.0,0.0,-0.0,0.0,0.0,-0.1667804718017578,0.0,-0.13527554273605347,-0.09458661079406738,-0.0,0.0,0.0,0.0,0.0,0.0,0.0,0.0,0.11792397499084473,-0.01746276021003723,0.13266444206237793,0.13266444206237793,0.13266444206237793,0,0,0,0
0.0,0.0,0.037834763526916504,0.0,0.0,0.0,0.0,0.0,0.0,-0.0,0.0,-0.0,0.0,0.0,-0.15992367267608643,0.0,-0.13527555763721466,-0.09115028381347656,-0.0,0.0,0.0,0.0,0.0,0.0,0.0,0.0,0.11054527759552002,-0.01635459065437317,0.12436366081237793,0.12436366081237793,0.12436366081237793,0,0,0,0
0.0,0.0,0.035379886627197266,0.0,0.0,0.0,0.0,0.0,0.0,-0.0,0.0,-0.0,0.0,0.0,-0.15325796604156494,0.0,-0.13527555763721466,-0.08780980110168457,-0.0,0.0,0.0,0.0,0.0,0.0,0.0,0.0,0.10337293148040771,-0.01527734100818634,0.11629462242126465,0.11629462242126465,0.11629462242126465,0,0,0,0
0.0,0.0,0.03299689292907715,0.0,0.0,0.0,0.0,0.0,0.0,-0.0,0.0,-0.0,0.0,0.0,-0.1467876434326172,0.0,-0.13527557253837585,-0.08456724882125854,-0.0,0.0,0.0,0.0,0.0,0.0,0.0,0.0,0.09641039371490479,-0.014231622219085693,0.10846173763275146,0.10846173763275146,0.10846173763275146,0,0,0,0
0.0,0.0,0.030687153339385986,0.0,0.0,0.0,0.0,0.0,0.0,-0.0,0.0,-0.0,0.0,0.0,-0.14051592350006104,0.0,-0.13527557253837585,-0.08142423629760742,-0.0,0.0,0.0,0.0,0.0,0.0,0.0,0.0,0.0896615982055664,-0.013218030333518982,0.10086929798126221,0.10086929798126221,0.10086929798126221,0,0,0,0
0.0,0.0,0.028451740741729736,0.0,0.0,0.0,0.0,0.0,0.0,-0.0,0.0,-0.0,0.0,0.0,-0.134446382522583,0.0,-0.13527557253837585,-0.07838249206542969,-0.0,0.0,0.0,0.0,0.0,0.0,0.0,0.0,0.08313024044036865,-0.01223708689212799,0.0935215950012207,0.0935215950012207,0.0935215950012207,0,0,0,0
0.0,0.0,0.026292264461517334,0.0,0.0,0.0,0.0,0.0,0.0,-0.0,0.0,-0.0,0.0,0.0,-0.12858283519744873,0.0,-0.13527557253837585,-0.07544410228729248,-0.0,0.0,0.0,0.0,0.0,0.0,0.0,0.0,0.07682061195373535,-0.011289447546005249,0.08642327785491943,0.08642327785491943,0.08642327785491943,0,0,0,0
0.0,0.0,0.024209797382354736,0.0,0.0,0.0,0.0,0.0,0.0,-0.0,0.0,-0.0,0.0,0.0,-0.12292838096618652,0.0,-0.13527558743953705,-0.07261037826538086,-0.0,0.0,0.0,0.0,0.0,0.0,0.0,0.0,0.07073616981506348,-0.01037558913230896,0.07957839965820312,0.07957839965820312,0.07957839965820312,0,0,0,0
0.0,0.0,0.022205889225006104,0.0,0.0,0.0,0.0,0.0,0.0,-0.0,0.0,-0.0,0.0,0.0,-0.11748695373535156,0.0,-0.13527558743953705,-0.06988346576690674,-0.0,0.0,0.0,0.0,0.0,0.0,0.0,0.0,0.0648810863494873,-0.009496182203292847,0.07299113273620605,0.07299113273620605,0.07299113273620605,0,0,0,0
0.0,0.0,0.020281553268432617,0.0,0.0,0.0,0.0,0.0,0.0,-0.0,0.0,-0.0,0.0,0.0,-0.11226201057434082,0.0,-0.13527558743953705,-0.06726503372192383,-0.0,0.0,0.0,0.0,0.0,0.0,0.0,0.0,0.05925881862640381,-0.008651763200759888,0.0666658878326416,0.0666658878326416,0.0666658878326416,0,0,0,0
0.0,0.0,0.018438339233398438,0.0,0.0,0.0,0.0,0.0,0.0,-0.0,0.0,-0.0,0.0,0.0,-0.10725712776184082,0.0,-0.13527558743953705,-0.06475692987442017,-0.0,0.0,0.0,0.0,0.0,0.0,0.0,0.0,0.05387306213378906,-0.007842928171157837,0.060607194900512695,0.060607194900512695,0.060607194900512695,0,0,0,0
0.0,0.0,0.0166776180267334,0.0,0.0,0.0,0.0,0.0,0.0,-0.0,0.0,-0.0,0.0,0.0,-0.10247635841369629,0.0,-0.13527558743953705,-0.06236100196838379,-0.0,0.0,0.0,0.0,0.0,0.0,0.0,0.0,0.04872846603393555,-0.007070273160934448,0.05481982231140137,0.05481982231140137,0.05481982231140137,0,0,0,0
0.0,0.0,0.015000402927398682,0.0,0.0,0.0,0.0,0.0,0.0,-0.0,0.0,-0.0,0.0,0.0,-0.09792208671569824,0.0,-0.13527560234069824,-0.06007879972457886,-0.0,0.0,0.0,0.0,0.0,0.0,0.0,0.0,0.04382801055908203,-0.006334275007247925,0.049306631088256836,0.049306631088256836,0.049306631088256836,0,0,0,0
0.0,0.0,0.013408303260803223,0.0,0.0,0.0,0.0,0.0,0.0,-0.0,0.0,-0.0,0.0,0.0,-0.09359908103942871,0.0,-0.13527560234069824,-0.057912349700927734,-0.0,0.0,0.0,0.0,0.0,0.0,0.0,0.0,0.039176225662231445,-0.005635619163513184,0.04407334327697754,0.04407334327697754,0.04407334327697754,0,0,0,0
0.0,0.0,0.011902391910552979,0.0,0.0,0.0,0.0,0.0,0.0,-0.0,0.0,-0.0,0.0,0.0,-0.08951044082641602,0.0,-0.13527560234069824,-0.05586320161819458,-0.0,0.0,0.0,0.0,0.0,0.0,0.0,0.0,0.03477644920349121,-0.004974812269210815,0.03912353515625,0.03912353515625,0.03912353515625,0,0,0,0
0.0,0.0,0.010484158992767334,0.0,0.0,0.0,0.0,0.0,0.0,-0.0,0.0,-0.0,0.0,0.0,-0.08565938472747803,0.0,-0.13527558743953705,-0.05393332242965698,-0.0,0.0,0.0,0.0,0.0,0.0,0.0,0.0,0.030632495880126953,-0.004352450370788574,0.03446173667907715,0.03446173667907715,0.03446173667907715,0,0,0,0
0.0,0.0,0.009154975414276123,0.0,0.0,0.0,0.0,0.0,0.0,-0.0,0.0,-0.0,0.0,0.0,-0.08205008506774902,0.0,-0.13527560234069824,-0.05212467908859253,-0.0,0.0,0.0,0.0,0.0,0.0,0.0,0.0,0.0267486572265625,-0.0037691593170166016,0.030092477798461914,0.030092477798461914,0.030092477798461914,0,0,0,0
0.0,0.0,0.007915914058685303,0.0,0.0,0.0,0.0,0.0,0.0,-0.0,0.0,-0.0,0.0,0.0,-0.07868576049804688,0.0,-0.13527560234069824,-0.05043858289718628,-0.0,0.0,0.0,0.0,0.0,0.0,0.0,0.0,0.023128509521484375,-0.0032254159450531006,0.026019811630249023,0.026019811630249023,0.026019811630249023,0,0,0,0
0.0,0.0,0.006768405437469482,0.0,0.0,0.0,0.0,0.0,0.0,-0.0,0.0,-0.0,0.0,0.0,-0.07557010650634766,0.0,-0.13527560234069824,-0.04887735843658447,-0.0,0.0,0.0,0.0,0.0,0.0,0.0,0.0,0.019775867462158203,-0.0027218759059906006,0.022247791290283203,0.022247791290283203,0.022247791290283203,0,0,0,0
0.0,0.0,0.005713760852813721,0.0,0.0,0.0,0.0,0.0,0.0,-0.0,0.0,-0.0,0.0,0.0,-0.07270669937133789,0.0,-0.13527560234069824,-0.04744231700897217,-0.0,0.0,0.0,0.0,0.0,0.0,0.0,0.0,0.01669454574584961,-0.0022591054439544678,0.018781185150146484,0.018781185150146484,0.018781185150146484,0,0,0,0
0.0,0.0,0.004753410816192627,0.0,0.0,0.0,0.0,0.0,0.0,-0.0,0.0,-0.0,0.0,0.0,-0.0700991153717041,0.0,-0.13527560234069824,-0.04613542556762695,-0.0,0.0,0.0,0.0,0.0,0.0,0.0,0.0,0.01388859748840332,-0.0018376410007476807,0.015624761581420898,0.015624761581420898,0.015624761581420898,0,0,0,0
0.0,0.0,0.0038886070251464844,0.0,0.0,0.0,0.0,0.0,0.0,-0.0,0.0,-0.0,0.0,0.0,-0.06775069236755371,0.0,-0.13527560234069824,-0.04495859146118164,-0.0,0.0,0.0,0.0,0.0,0.0,0.0,0.0,0.01136159896850586,-0.0014581084251403809,0.012782096862792969,0.012782096862792969,0.012782096862792969,0,0,0,0
0.0,0.0,0.0031205415725708008,0.0,0.0,0.0,0.0,0.0,0.0,-0.0,0.0,-0.0,0.0,0.0,-0.06566524505615234,0.0,-0.13527560234069824,-0.04391336441040039,-0.0,0.0,0.0,0.0,0.0,0.0,0.0,0.0,0.009117603302001953,-0.0011210739612579346,0.010257244110107422,0.010257244110107422,0.010257244110107422,0,0,0,0
0.0,0.0,0.0024506449699401855,0.0,0.0,0.0,0.0,0.0,0.0,-0.0,0.0,-0.0,0.0,0.0,-0.06384611129760742,0.0,-0.13527560234069824,-0.04300189018249512,-0.0,0.0,0.0,0.0,0.0,0.0,0.0,0.0,0.007160186767578125,-0.000827103853225708,0.008055448532104492,0.008055448532104492,0.008055448532104492,0,0,0,0
0.0,0.0,0.0018801689147949219,0.0,0.0,0.0,0.0,0.0,0.0,-0.0,0.0,-0.0,0.0,0.0,-0.06229758262634277,0.0,-0.13527560234069824,-0.04222571849822998,-0.0,0.0,0.0,0.0,0.0,0.0,0.0,0.0,0.005493640899658203,-0.0005767643451690674,0.0061800479888916016,0.0061800479888916016,0.0061800479888916016,0,0,0,0
0.0,0.0,0.0014104843139648438,0.0,0.0,0.0,0.0,0.0,0.0,-0.0,0.0,-0.0,0.0,0.0,-0.061022043228149414,0.0,-0.13527560234069824,-0.04158651828765869,-0.0,0.0,0.0,0.0,0.0,0.0,0.0,0.0,0.004121303558349609,-0.0003706812858581543,0.004636526107788086,0.004636526107788086,0.004636526107788086,0,0,0,0
0.0,0.0,0.0010429024696350098,0.0,0.0,0.0,0.0,0.0,0.0,-0.0,0.0,-0.0,0.0,0.0,-0.06002402305603027,0.0,-0.13527560234069824,-0.04108631610870361,-0.0,0.0,0.0,0.0,0.0,0.0,0.0,0.0,0.003047466278076172,-0.00020936131477355957,0.0034284591674804688,0.0034284591674804688,0.0034284591674804688,0,0,0,0
0.0,0.0,0.0007787346839904785,0.0,0.0,0.0,0.0,0.0,0.0,-0.0,0.0,-0.0,0.0,0.0,-0.05930662155151367,0.0,-0.13527561724185944,-0.04072690010070801,-0.0,0.0,0.0,0.0,0.0,0.0,0.0,0.0,0.002275228500366211,-9.340047836303711e-05,0.002559661865234375,0.002559661865234375,0.002559661865234375,0,0,0,0
0.0,0.0,0.0006192326545715332,0.0,0.0,0.0,0.0,0.0,0.0,-0.0,0.0,-0.0,0.0,0.0,-0.05887341499328613,0.0,-0.13527560234069824,-0.040509819984436035,-0.0,0.0,0.0,0.0,0.0,0.0,0.0,0.0,0.0018095970153808594,-2.345442771911621e-05,0.002035379409790039,0.002035379409790039,0.002035379409790039,0,0,0,0
0.0,0.0,0.0005658268928527832,0.0,0.0,0.0,0.0,0.0,0.0,-0.0,0.0,-0.0,0.0,0.0,-0.05872845649719238,0.0,-0.13527560234069824,-0.04043710231781006,-0.0,0.0,0.0,0.0,0.0,0.0,0.0,0.0,0.0016531944274902344,0.0,0.001859903335571289,0.001859903335571289,0.001859903335571289,0,0,0,0
0.0,0.0,0.0005658268928527832,0.0,0.0,0.0,0.0,0.0,0.0,-0.0,0.0,-0.0,0.0,0.0,-0.05872845649719238,0.0,-0.13527560234069824,-0.04043710231781006,-0.0,0.0,0.0,0.0,0.0,0.0,0.0,0.0,0.0016531944274902344,0.0,0.001859903335571289,0.001859903335571289,0.001859903335571289,0,0,0,0
0.0,0.0,0.0005658268928527832,0.0,0.0,0.0,0.0,0.0,0.0,-0.0,0.0,-0.0,0.0,0.0,-0.05872845649719238,0.0,-0.13527560234069824,-0.04043710231781006,-0.0,0.0,0.0,0.0,0.0,0.0,0.0,0.0,0.0016531944274902344,0.0,0.001859903335571289,0.001859903335571289,0.001859903335571289,0,0,0,0
