0.0,0.0,0.0,0.0,0.0,0.0,0.0,0.0,0.0,-0.0,0.0,-0.0,0.0,0.0,0.0,0.0,-0.0,0.0,-0.0,0.0,0.0,0.0,0.0,0.0,0.0,0.0,0.0,0.0,0.0,0.0,0.0,0,0,0,0
0.0,0.0,0.0,0.0,0.0,0.0,0.0,-8.436272037215531e-05,1.0399106031400152e-05,-0.0,0.0,-0.00014119675324764103,0.0,0.0,0.0,0.0,-0.0,0.0,-0.0,0.0,0.0,3.9139016735134646e-05,6.523168121930212e-05,6.523168121930212e-05,6.523168121930212e-05,6.523168121930212e-05,0.0,0.0,0.0,0.0,0.0,0,0,0,0
0.0,0.0,0.0,0.0,0.0,0.0,0.0,-0.00033632226404733956,4.145730781601742e-05,-0.0,0.0,-0.000562902248930186,0.0,0.0,0.0,0.0,-0.0,0.0,-0.0,0.0,0.0,0.0001560324599267915,0.00026005407562479377,0.00026005407562479377,0.00026005407562479377,0.00026005407562479377,0.0,0.0,0.0,0.0,0.0,0,0,0,0
0.0,0.0,0.0,0.0,0.0,0.0,0.0,-0.0007541856030002236,9.296591451857239e-05,-0.0,0.0,-0.0012622891226783395,0.0,0.0,0.0,0.0,-0.0,0.0,-0.0,0.0,0.0,0.00034989489358849823,0.0005831581074744463,0.0005831581074744463,0.0005831581074744463,0.0005831581074744463,0.0,0.0,0.0,0.0,0.0,0,0,0,0
0.0,0.0,0.0,0.0,0.0,0.0,0.0,-0.0013362603494897485,0.00016471628623548895,-0.0,0.0,-0.002236530650407076,0.0,0.0,0.0,0.0,-0.0,0.0,-0.0,0.0,0.0,0.0006199410418048501,0.0010332349920645356,0.0010332349920645356,0.0010332349920645356,0.0010332349920645356,0.0,0.0,0.0,0.0,0.0,0,0,0,0
0.0,0.0,0.0,0.0,0.0,0.0,0.0,-0.0020808528643101454,0.0002564996830187738,-0.0,0.0,-0.0034827992785722017,0.0,0.0,0.0,0.0,-0.0,0.0,-0.0,0.0,0.0,0.0009653852903284132,0.0016089754644781351,0.0016089754644781351,0.0016089754644781351,0.0016089754644781351,0.0,0.0,0.0,0.0,0.0,0,0,0,0
0.0,0.0,0.0,0.0,0.0,0.0,0.0,-0.002986270235851407,0.0003681074595078826,-0.0,0.0,-0.004998267628252506,0.0,0.0,0.0,0.0,-0.0,0.0,-0.0,0.0,0.0,0.0013854423305019736,0.002309070434421301,0.002309070434421301,0.002309070434421301,0.002309070434421301,0.0,0.0,0.0,0.0,0.0,0,0,0,0
0.0,0.0,0.0,0.0,0.0,0.0,0.0,-0.004050820600241423,0.0004993309266865253,-0.0,0.0,-0.006780108902603388,0.0,0.0,0.0,0.0,-0.0,0.0,-0.0,0.0,0.0,0.0018793269991874695,0.00313221151009202,0.00313221151009202,0.00313221151009202,0.00313221151009202,0.0,0.0,0.0,0.0,0.0,0,0,0,0
0.0,0.0,0.0,0.0,0.0,0.0,0.0,-0.005272810813039541,0.0006499615265056491,-0.0,0.0,-0.008825497701764107,0.0,0.0,0.0,0.0,-0.0,0.0,-0.0,0.0,0.0,0.0024462537840008736,0.004077089484781027,0.004077089484781027,0.004077089484781027,0.004077089484781027,0.0,0.0,0.0,0.0,0.0,0,0,0,0
0.0,0.0,0.0,0.0,0.0,0.0,0.0,-0.006650546565651894,0.0008197903516702354,-0.0,0.0,-0.011131602339446545,0.0,0.0,0.0,0.0,-0.0,0.0,-0.0,0.0,0.0,0.0030854367651045322,0.005142394453287125,0.005142394453287125,0.005142394453287125,0.005142394453287125,0.0,0.0,0.0,0.0,0.0,0,0,0,0
0.0,0.0,0.0,0.0,0.0,0.0,0.0,-0.008182336576282978,0.0010086088441312313,-0.0,0.0,-0.01369560044258833,0.0,0.0,0.0,0.0,-0.0,0.0,-0.0,0.0,0.0,0.003796091303229332,0.006326818838715553,0.006326818838715553,0.006326818838715553,0.006326818838715553,0.0,0.0,0.0,0.0,0.0,0,0,0,0
0.0,0.0,0.0,0.0,0.0,0.0,0.0,-0.009866486303508282,0.0012162084458395839,-0.0,0.0,-0.01651466079056263,0.0,0.0,0.0,0.0,-0.0,0.0,-0.0,0.0,0.0,0.004577431362122297,0.007629052735865116,0.007629052735865116,0.007629052735865116,0.007629052735865116,0.0,0.0,0.0,0.0,0.0,0,0,0,0
0.0,0.0,0.0,0.0,0.0,0.0,0.0,-0.011701304465532303,0.0014423802495002747,-0.0,0.0,-0.01958595961332321,0.0,0.0,0.0,0.0,-0.0,0.0,-0.0,0.0,0.0,0.005428672302514315,0.009047786705195904,0.009047786705195904,0.009047786705195904,0.009047786705195904,0.0,0.0,0.0,0.0,0.0,0,0,0,0
0.0,0.0,0.0,0.0,0.0,0.0,0.0,-0.01368509978055954,0.0016869159881025553,-0.0,0.0,-0.022906672209501266,0.0,0.0,0.0,0.0,-0.0,0.0,-0.0,0.0,0.0,0.006349029019474983,0.010581715032458305,0.010581715032458305,0.010581715032458305,0.010581715032458305,0.0,0.0,0.0,0.0,0.0,0,0,0,0
0.0,0.0,0.0,0.0,0.0,0.0,0.0,-0.01581617444753647,0.0019496061140671372,-0.0,0.0,-0.026473959907889366,0.0,0.0,0.0,0.0,-0.0,0.0,-0.0,0.0,0.0,0.007337713614106178,0.012229522690176964,0.012229522690176964,0.012229522690176964,0.012229522690176964,0.0,0.0,0.0,0.0,0.0,0,0,0,0
0.0,0.0,0.0,0.0,0.0,0.0,0.0,-0.018092837184667587,0.002230243058875203,-0.0,0.0,-0.030285010114312172,0.0,0.0,0.0,0.0,-0.0,0.0,-0.0,0.0,0.0,0.008393943309783936,0.013989904895424843,0.013989904895424843,0.013989904895424843,0.013989904895424843,0.0,0.0,0.0,0.0,0.0,0,0,0,0
0.0,0.0,0.0,0.0,0.0,0.0,0.0,-0.020513402298092842,0.0025286173913627863,-0.0,0.0,-0.034336987882852554,0.0,0.0,0.0,0.0,-0.0,0.0,-0.0,0.0,0.0,0.009516933001577854,0.015861552208662033,0.015861552208662033,0.015861552208662033,0.015861552208662033,0.0,0.0,0.0,0.0,0.0,0,0,0,0
0.0,0.0,0.0,0.0,0.0,0.0,0.0,-0.023076163604855537,0.002844520378857851,-0.0,0.0,-0.03862706199288368,0.0,0.0,0.0,0.0,-0.0,0.0,-0.0,0.0,0.0,0.01070589479058981,0.017843157052993774,0.017843157052993774,0.017843157052993774,0.017843157052993774,0.0,0.0,0.0,0.0,0.0,0,0,0,0
0.0,0.0,0.0,0.0,0.0,0.0,0.0,-0.02577943727374077,0.0031777438707649708,-0.0,0.0,-0.04315241053700447,0.0,0.0,0.0,0.0,-0.0,0.0,-0.0,0.0,0.0,0.0119600435718894,0.01993340626358986,0.01993340626358986,0.01993340626358986,0.01993340626358986,0.0,0.0,0.0,0.0,0.0,0,0,0,0
0.0,0.0,0.0,0.0,0.0,0.0,0.0,-0.028621528297662735,0.003528079017996788,-0.0,0.0,-0.047910209745168686,0.0,0.0,0.0,0.0,-0.0,0.0,-0.0,0.0,0.0,0.01327859703451395,0.022130994126200676,0.022130994126200676,0.022130994126200676,0.022130994126200676,0.0,0.0,0.0,0.0,0.0,0,0,0,0
0.0,0.0,0.0,0.0,0.0,0.0,0.0,-0.03160075098276138,0.003895317204296589,-0.0,0.0,-0.052897632122039795,0.0,0.0,0.0,0.0,-0.0,0.0,-0.0,0.0,0.0,0.01466076634824276,0.024434611201286316,0.024434611201286316,0.024434611201286316,0.024434611201286316,0.0,0.0,0.0,0.0,0.0,0,0,0,0
0.0,0.0,0.0,0.0,0.0,0.0,0.0,-0.03471539914608002,0.004279249347746372,-0.0,0.0,-0.05811184272170067,0.0,0.0,0.0,0.0,-0.0,0.0,-0.0,0.0,0.0,0.0161057710647583,0.02684294804930687,0.02684294804930687,0.02684294804930687,0.02684294804930687,0.0,0.0,0.0,0.0,0.0,0,0,0,0
0.0,0.0,0.0,0.0,0.0,0.0,0.0,-0.037963781505823135,0.004679666832089424,-0.0,0.0,-0.06355001032352448,0.0,0.0,0.0,0.0,-0.0,0.0,-0.0,0.0,0.0,0.017612816765904427,0.029354693368077278,0.029354693368077278,0.029354693368077278,0.029354693368077278,0.0,0.0,0.0,0.0,0.0,0,0,0,0
0.0,0.0,0.0,0.0,0.0,0.0,0.0,-0.04134421423077583,0.005096361506730318,-0.0,0.0,-0.06920932978391647,0.0,0.0,0.0,0.0,-0.0,0.0,-0.0,0.0,0.0,0.019181126728653908,0.03196854516863823,0.03196854516863823,0.03196854516863823,0.03196854516863823,0.0,0.0,0.0,0.0,0.0,0,0,0,0
0.0,0.0,0.0,0.0,0.0,0.0,0.0,-0.04485499858856201,0.005529124289751053,-0.0,0.0,-0.07508695125579834,0.0,0.0,0.0,0.0,-0.0,0.0,-0.0,0.0,0.0,0.02080990932881832,0.03468318283557892,0.03468318283557892,0.03468318283557892,0.03468318283557892,0.0,0.0,0.0,0.0,0.0,0,0,0,0
0.0,0.0,0.0,0.0,0.0,0.0,0.0,-0.04849444702267647,0.005977746564894915,-0.0,0.0,-0.08118006587028503,0.0,0.0,0.0,0.0,-0.0,0.0,-0.0,0.0,0.0,0.02249838598072529,0.03749730810523033,0.03749730810523033,0.03749730810523033,0.03749730810523033,0.0,0.0,0.0,0.0,0.0,0,0,0,0
0.0,0.0,0.0,0.0,0.0,0.0,0.0,-0.0522608682513237,0.006442020647227764,-0.0,0.0,-0.08748584240674973,0.0,0.0,0.0,0.0,-0.0,0.0,-0.0,0.0,0.0,0.024245768785476685,0.04040961340069771,0.04040961340069771,0.04040961340069771,0.04040961340069771,0.0,0.0,0.0,0.0,0.0,0,0,0,0
0.0,0.0,0.0,0.0,0.0,0.0,0.0,-0.056152552366256714,0.006921735126525164,-0.0,0.0,-0.09400143474340439,0.0,0.0,0.0,0.0,-0.0,0.0,-0.0,0.0,0.0,0.026051267981529236,0.043418776243925095,0.043418776243925095,0.043418776243925095,0.043418776243925095,0.0,0.0,0.0,0.0,0.0,0,0,0,0
0.0,0.0,0.0,0.0,0.0,0.0,0.0,-0.0601678229868412,0.007416683714836836,-0.0,0.0,-0.10072402656078339,0.0,0.0,0.0,0.0,-0.0,0.0,-0.0,0.0,0.0,0.027914099395275116,0.04652349650859833,0.04652349650859833,0.04652349650859833,0.04652349650859833,0.0,0.0,0.0,0.0,0.0,0,0,0,0
0.0,0.0,0.0,0.0,0.0,0.0,0.0,-0.06430497765541077,0.007926655933260918,-0.0,0.0,-0.10765079408884048,0.0,0.0,0.0,0.0,-0.0,0.0,-0.0,0.0,0.0,0.0298334788531065,0.04972246289253235,0.04972246289253235,0.04972246289253235,0.04972246289253235,0.0,0.0,0.0,0.0,0.0,0,0,0,0
0.0,0.0,0.0,0.0,0.0,0.0,0.0,-0.0685623288154602,0.008451446890830994,-0.0,0.0,-0.11477893590927124,0.0,0.0,0.0,0.0,-0.0,0.0,-0.0,0.0,0.0,0.031808629631996155,0.05301437899470329,0.05301437899470329,0.05301437899470329,0.05301437899470329,0.0,0.0,0.0,0.0,0.0,0,0,0,0
0.0,0.0,0.0,0.0,0.0,0.0,0.0,-0.07293819636106491,0.008990843780338764,-0.0,0.0,-0.12210556864738464,0.0,0.0,0.0,0.0,-0.0,0.0,-0.0,0.0,0.0,0.033838748931884766,0.05639791488647461,0.05639791488647461,0.05639791488647461,0.05639791488647461,0.0,0.0,0.0,0.0,0.0,0,0,0,0
0.0,0.0,0.0,0.0,0.0,0.0,0.0,-0.07743086665868759,0.00954464077949524,-0.0,0.0,-0.12962791323661804,0.0,0.0,0.0,0.0,-0.0,0.0,-0.0,0.0,0.0,0.035923071205616,0.05987177789211273,0.05987177789211273,0.05987177789211273,0.05987177789211273,0.0,0.0,0.0,0.0,0.0,0,0,0,0
0.0,0.0,0.0,0.0,0.0,0.0,0.0,-0.08203862607479095,0.010112624615430832,-0.0,0.0,-0.13734309375286102,0.0,0.0,0.0,0.0,-0.0,0.0,-0.0,0.0,0.0,0.038060788065195084,0.0634346455335617,0.0634346455335617,0.0634346455335617,0.0634346455335617,0.0,0.0,0.0,0.0,0.0,0,0,0,0
0.0,0.0,0.0,0.0,0.0,0.0,0.0,-0.08675985038280487,0.010694592259824276,-0.0,0.0,-0.14524835348129272,0.0,0.0,0.0,0.0,-0.0,0.0,-0.0,0.0,0.0,0.04025113582611084,0.06708522140979767,0.06708522140979767,0.06708522140979767,0.06708522140979767,0.0,0.0,0.0,0.0,0.0,0,0,0,0
0.0,0.0,0.0,0.0,0.0,0.0,0.0,-0.09159278124570847,0.011290332302451134,-0.0,0.0,-0.15334080159664154,0.0,0.0,0.0,0.0,-0.0,0.0,-0.0,0.0,0.0,0.0424933135509491,0.07082217931747437,0.07082217931747437,0.07082217931747437,0.07082217931747437,0.0,0.0,0.0,0.0,0.0,0,0,0,0
0.0,0.0,0.0,0.0,0.0,0.0,0.0,-0.09653576463460922,0.011899637058377266,-0.0,0.0,-0.16161765158176422,0.0,0.0,0.0,0.0,-0.0,0.0,-0.0,0.0,0.0,0.044786546379327774,0.07464424520730972,0.07464424520730972,0.07464424520730972,0.07464424520730972,0.0,0.0,0.0,0.0,0.0,0,0,0,0
0.0,0.0,0.0,0.0,0.0,0.0,0.0,-0.10158709436655045,0.012522296980023384,-0.0,0.0,-0.17007605731487274,0.0,0.0,0.0,0.0,-0.0,0.0,-0.0,0.0,0.0,0.047130048274993896,0.0785500779747963,0.0785500779747963,0.0785500779747963,0.0785500779747963,0.0,0.0,0.0,0.0,0.0,0,0,0,0
0.0,0.0,0.0,0.0,0.0,0.0,0.0,-0.10674506425857544,0.0131581025198102,-0.0,0.0,-0.17871318757534027,0.0,0.0,0.0,0.0,-0.0,0.0,-0.0,0.0,0.0,0.04952302202582359,0.08253836631774902,0.08253836631774902,0.08253836631774902,0.08253836631774902,0.0,0.0,0.0,0.0,0.0,0,0,0,0
0.0,0.0,0.0,0.0,0.0,0.0,0.0,-0.1120079904794693,0.013806844130158424,-0.0,0.0,-0.18752619624137878,0.0,0.0,0.0,0.0,-0.0,0.0,-0.0,0.0,0.0,0.05196468532085419,0.08660780638456345,0.08660780638456345,0.08660780638456345,0.08660780638456345,0.0,0.0,0.0,0.0,0.0,0,0,0,0
0.0,0.0,0.0,0.0,0.0,0.0,0.0,-0.11737421154975891,0.014468320645391941,-0.0,0.0,-0.1965123414993286,0.0,0.0,0.0,0.0,-0.0,0.0,-0.0,0.0,0.0,0.05445427447557449,0.09075712412595749,0.09075712412595749,0.09075712412595749,0.09075712412595749,0.0,0.0,0.0,0.0,0.0,0,0,0,0
0.0,0.0,0.0,0.0,0.0,0.0,0.0,-0.122841976583004,0.01514231413602829,-0.0,0.0,-0.20566868782043457,0.0,0.0,0.0,0.0,-0.0,0.0,-0.0,0.0,0.0,0.056990981101989746,0.09498496353626251,0.09498496353626251,0.09498496353626251,0.09498496353626251,0.0,0.0,0.0,0.0,0.0,0,0,0,0
0.0,0.0,0.0,0.0,0.0,0.0,0.0,-0.12840963900089264,0.01582862064242363,-0.0,0.0,-0.214992493391037,0.0,0.0,0.0,0.0,-0.0,0.0,-0.0,0.0,0.0,0.059574030339717865,0.09929004311561584,0.09929004311561584,0.09929004311561584,0.09929004311561584,0.0,0.0,0.0,0.0,0.0,0,0,0,0
0.0,0.0,0.0,0.0,0.0,0.0,0.0,-0.13407546281814575,0.016527028754353523,-0.0,0.0,-0.22448082268238068,0.0,0.0,0.0,0.0,-0.0,0.0,-0.0,0.0,0.0,0.06220261752605438,0.10367102175951004,0.10367102175951004,0.10367102175951004,0.10367102175951004,0.0,0.0,0.0,0.0,0.0,0,0,0,0
0.0,0.0,0.0,0.0,0.0,0.0,0.0,-0.1398378163576126,0.017237333580851555,-0.0,0.0,-0.23413099348545074,0.0,0.0,0.0,0.0,-0.0,0.0,-0.0,0.0,0.0,0.06487598270177841,0.10812664031982422,0.10812664031982422,0.10812664031982422,0.10812664031982422,0.0,0.0,0.0,0.0,0.0,0,0,0,0
0.0,0.0,0.0,0.0,0.0,0.0,0.0,-0.14569495618343353,0.017959322780370712,-0.0,0.0,-0.2439400851726532,0.0,0.0,0.0,0.0,-0.0,0.0,-0.0,0.0,0.0,0.06759332865476608,0.11265555024147034,0.11265555024147034,0.11265555024147034,0.11265555024147034,0.0,0.0,0.0,0.0,0.0,0,0,0,0
0.0,0.0,0.0,0.0,0.0,0.0,0.0,-0.1516452133655548,0.01869279146194458,-0.0,0.0,-0.2539052963256836,0.0,0.0,0.0,0.0,-0.0,0.0,-0.0,0.0,0.0,0.07035388052463531,0.11725646257400513,0.11725646257400513,0.11725646257400513,0.11725646257400513,0.0,0.0,0.0,0.0,0.0,0,0,0,0
0.0,0.0,0.0,0.0,0.0,0.0,0.0,-0.15768687427043915,0.019437527284026146,-0.0,0.0,-0.2640237808227539,0.0,0.0,0.0,0.0,-0.0,0.0,-0.0,0.0,0.0,0.07315683364868164,0.12192805111408234,0.12192805111408234,0.12192805111408234,0.12192805111408234,0.0,0.0,0.0,0.0,0.0,0,0,0,0
0.0,0.0,0.0,0.0,0.0,0.0,0.0,-0.16381825506687164,0.020193323493003845,-0.0,0.0,-0.2742927372455597,0.0,0.0,0.0,0.0,-0.0,0.0,-0.0,0.0,0.0,0.07600141316652298,0.1266690194606781,0.1266690194606781,0.1266690194606781,0.1266690194606781,0.0,0.0,0.0,0.0,0.0,0,0,0,0
0.0,0.0,0.0,0.0,0.0,0.0,0.0,-0.1700376719236374,0.020959969609975815,-0.0,0.0,-0.28470927476882935,0.0,0.0,0.0,0.0,-0.0,0.0,-0.0,0.0,0.0,0.07888682931661606,0.13147804141044617,0.13147804141044617,0.13147804141044617,0.13147804141044617,0.0,0.0,0.0,0.0,0.0,0,0,0,0
0.0,0.0,0.0,0.0,0.0,0.0,0.0,-0.17634344100952148,0.02173725888133049,-0.0,0.0,-0.2952706813812256,0.0,0.0,0.0,0.0,-0.0,0.0,-0.0,0.0,0.0,0.0818123072385788,0.13635385036468506,0.13635385036468506,0.13635385036468506,0.13635385036468506,0.0,0.0,0.0,0.0,0.0,0,0,0,0
0.0,0.0,0.0,0.0,0.0,0.0,0.0,-0.18273383378982544,0.022524980828166008,-0.0,0.0,-0.30597400665283203,0.0,0.0,0.0,0.0,-0.0,0.0,-0.0,0.0,0.0,0.08477704972028732,0.14129507541656494,0.14129507541656494,0.14129507541656494,0.14129507541656494,0.0,0.0,0.0,0.0,0.0,0,0,0,0
0.0,0.0,0.0,0.0,0.0,0.0,0.0,-0.18920722603797913,0.0233229361474514,-0.0,0.0,-0.31681662797927856,0.0,0.0,0.0,0.0,-0.0,0.0,-0.0,0.0,0.0,0.08778030425310135,0.14630049467086792,0.14630049467086792,0.14630049467086792,0.14630049467086792,0.0,0.0,0.0,0.0,0.0,0,0,0,0
0.0,0.0,0.0,0.0,0.0,0.0,0.0,-0.1957617998123169,0.024130895733833313,-0.0,0.0,-0.3277953863143921,0.0,0.0,0.0,0.0,-0.0,0.0,-0.0,0.0,0.0,0.09082120656967163,0.15136869251728058,0.15136869251728058,0.15136869251728058,0.15136869251728058,0.0,0.0,0.0,0.0,0.0,0,0,0,0
0.0,0.0,0.0,0.0,0.0,0.0,0.0,-0.20239602029323578,0.024948671460151672,-0.0,0.0,-0.33890774846076965,0.0,0.0,0.0,0.0,-0.0,0.0,-0.0,0.0,0.0,0.09389907121658325,0.15649844706058502,0.15649844706058502,0.15649844706058502,0.15649844706058502,0.0,0.0,0.0,0.0,0.0,0,0,0,0
0.0,0.0,0.0,0.0,0.0,0.0,0.0,-0.20910808444023132,0.02577604353427887,-0.0,0.0,-0.3501507639884949,0.0,0.0,0.0,0.0,-0.0,0.0,-0.0,0.0,0.0,0.09701304137706757,0.16168838739395142,0.16168838739395142,0.16168838739395142,0.16168838739395142,0.0,0.0,0.0,0.0,0.0,0,0,0,0
0.0,0.0,0.0,0.0,0.0,0.0,0.0,-0.21589630842208862,0.02661280520260334,-0.0,0.0,-0.36152157187461853,0.0,0.0,0.0,0.0,-0.0,0.0,-0.0,0.0,0.0,0.10016235709190369,0.16693726181983948,0.16693726181983948,0.16693726181983948,0.16693726181983948,0.0,0.0,0.0,0.0,0.0,0,0,0,0
0.0,0.0,0.0,0.0,0.0,0.0,0.0,-0.22275900840759277,0.02745874971151352,-0.0,0.0,-0.37301746010780334,0.0,0.0,0.0,0.0,-0.0,0.0,-0.0,0.0,0.0,0.10334622114896774,0.17224369943141937,0.17224369943141937,0.17224369943141937,0.17224369943141937,0.0,0.0,0.0,0.0,0.0,0,0,0,0
0.0,0.0,0.0,0.0,0.0,0.0,0.0,-0.22969453036785126,0.028313664719462395,-0.0,0.0,-0.38463547825813293,0.0,0.0,0.0,0.0,-0.0,0.0,-0.0,0.0,0.0,0.10656386613845825,0.17760643362998962,0.17760643362998962,0.17760643362998962,0.17760643362998962,0.0,0.0,0.0,0.0,0.0,0,0,0,0
0.0,0.0,0.0,0.0,0.0,0.0,0.0,-0.23670117557048798,0.029177350923419,-0.0,0.0,-0.39637291431427,0.0,0.0,0.0,0.0,-0.0,0.0,-0.0,0.0,0.0,0.10981451719999313,0.18302418291568756,0.18302418291568756,0.18302418291568756,0.18302418291568756,0.0,0.0,0.0,0.0,0.0,0,0,0,0
0.0,0.0,0.0,0.0,0.0,0.0,0.0,-0.24377718567848206,0.030049588531255722,-0.0,0.0,-0.408226877450943,0.0,0.0,0.0,0.0,-0.0,0.0,-0.0,0.0,0.0,0.11309734731912613,0.18849556148052216,0.18849556148052216,0.18849556148052216,0.18849556148052216,0.0,0.0,0.0,0.0,0.0,0,0,0,0
0.0,0.0,0.0,0.0,0.0,0.0,0.0,-0.2509208917617798,0.03093016892671585,-0.0,0.0,-0.42019444704055786,0.0,0.0,0.0,0.0,-0.0,0.0,-0.0,0.0,0.0,0.11641156673431396,0.19401928782463074,0.19401928782463074,0.19401928782463074,0.19401928782463074,0.0,0.0,0.0,0.0,0.0,0,0,0,0
0.0,0.0,0.0,0.0,0.0,0.0,0.0,-0.2581307291984558,0.031818896532058716,-0.0,0.0,-0.4322730302810669,0.0,0.0,0.0,0.0,-0.0,0.0,-0.0,0.0,0.0,0.11975646764039993,0.19959411025047302,0.19959411025047302,0.19959411025047302,0.19959411025047302,0.0,0.0,0.0,0.0,0.0,0,0,0,0
0.0,0.0,0.0,0.0,0.0,0.0,0.0,-0.26540476083755493,0.03271555155515671,-0.0,0.0,-0.44445961713790894,0.0,0.0,0.0,0.0,-0.0,0.0,-0.0,0.0,0.0,0.12313120067119598,0.20521864295005798,0.20521864295005798,0.20521864295005798,0.20521864295005798,0.0,0.0,0.0,0.0,0.0,0,0,0,0
0.0,0.0,0.0,0.0,0.0,0.0,0.0,-0.27274155616760254,0.03361992537975311,-0.0,0.0,-0.4567514657974243,0.0,0.0,0.0,0.0,-0.0,0.0,-0.0,0.0,0.0,0.12653499841690063,0.21089163422584534,0.21089163422584534,0.21089163422584534,0.21089163422584534,0.0,0.0,0.0,0.0,0.0,0,0,0,0
0.0,0.0,0.0,0.0,0.0,0.0,0.0,-0.28013917803764343,0.03453180938959122,-0.0,0.0,-0.4691455364227295,0.0,0.0,0.0,0.0,-0.0,0.0,-0.0,0.0,0.0,0.12996703386306763,0.21661168336868286,0.21661168336868286,0.21661168336868286,0.21661168336868286,0.0,0.0,0.0,0.0,0.0,0,0,0,0
0.0,0.0,0.0,0.0,0.0,0.0,0.0,-0.28759610652923584,0.035450998693704605,-0.0,0.0,-0.4816393256187439,0.0,0.0,0.0,0.0,-0.0,0.0,-0.0,0.0,0.0,0.13342657685279846,0.22237762808799744,0.22237762808799744,0.22237762808799744,0.22237762808799744,0.0,0.0,0.0,0.0,0.0,0,0,0,0
0.0,0.0,0.0,0.0,0.0,0.0,0.0,-0.29511064291000366,0.03637728840112686,-0.0,0.0,-0.49422991275787354,0.0,0.0,0.0,0.0,-0.0,0.0,-0.0,0.0,0.0,0.13691283762454987,0.22818806767463684,0.22818806767463684,0.22818806767463684,0.22818806767463684,0.0,0.0,0.0,0.0,0.0,0,0,0,0
0.0,0.0,0.0,0.0,0.0,0.0,0.0,-0.30268099904060364,0.03731045871973038,-0.0,0.0,-0.5069143176078796,0.0,0.0,0.0,0.0,-0.0,0.0,-0.0,0.0,0.0,0.14042502641677856,0.23404169082641602,0.23404169082641602,0.23404169082641602,0.23404169082641602,0.0,0.0,0.0,0.0,0.0,0,0,0,0
0.0,0.0,0.0,0.0,0.0,0.0,0.0,-0.31030550599098206,0.038250308483839035,-0.0,0.0,-0.5196897983551025,0.0,0.0,0.0,0.0,-0.0,0.0,-0.0,0.0,0.0,0.1439623087644577,0.23993715643882751,0.23993715643882751,0.23993715643882751,0.23993715643882751,0.0,0.0,0.0,0.0,0.0,0,0,0,0
0.0,0.0,0.0,0.0,0.0,0.0,0.0,-0.3179824948310852,0.03919662535190582,-0.0,0.0,-0.5325536131858826,0.0,0.0,0.0,0.0,-0.0,0.0,-0.0,0.0,0.0,0.14752395451068878,0.24587324261665344,0.24587324261665344,0.24587324261665344,0.24587324261665344,0.0,0.0,0.0,0.0,0.0,0,0,0,0
0.0,0.0,0.0,0.0,0.0,0.0,0.0,-0.3257102966308594,0.040149204432964325,-0.0,0.0,-0.5455028414726257,0.0,0.0,0.0,0.0,-0.0,0.0,-0.0,0.0,0.0,0.15110915899276733,0.25184860825538635,0.25184860825538635,0.25184860825538635,0.25184860825538635,0.0,0.0,0.0,0.0,0.0,0,0,0,0
0.0,0.0,0.0,0.0,0.0,0.0,0.0,-0.33348721265792847,0.04110783711075783,-0.0,0.0,-0.5585346817970276,0.0,0.0,0.0,0.0,-0.0,0.0,-0.0,0.0,0.0,0.15471716225147247,0.2578619420528412,0.2578619420528412,0.2578619420528412,0.2578619420528412,0.0,0.0,0.0,0.0,0.0,0,0,0,0
0.0,0.0,0.0,0.0,0.0,0.0,0.0,-0.3413114547729492,0.04207230359315872,-0.0,0.0,-0.5716462135314941,0.0,0.0,0.0,0.0,-0.0,0.0,-0.0,0.0,0.0,0.15834711492061615,0.2639118432998657,0.2639118432998657,0.2639118432998657,0.2639118432998657,0.0,0.0,0.0,0.0,0.0,0,0,0,0
0.0,0.0,0.0,0.0,0.0,0.0,0.0,-0.34918150305747986,0.043042417615652084,-0.0,0.0,-0.5848348736763,0.0,0.0,0.0,0.0,-0.0,0.0,-0.0,0.0,0.0,0.16199833154678345,0.269997239112854,0.269997239112854,0.269997239112854,0.269997239112854,0.0,0.0,0.0,0.0,0.0,0,0,0,0
0.0,0.0,0.0,0.0,0.0,0.0,0.0,-0.35709547996520996,0.04401794821023941,-0.0,0.0,-0.598097562789917,0.0,0.0,0.0,0.0,-0.0,0.0,-0.0,0.0,0.0,0.16566991806030273,0.2761165499687195,0.2761165499687195,0.2761165499687195,0.2761165499687195,0.0,0.0,0.0,0.0,0.0,0,0,0,0
0.0,0.0,0.0,0.0,0.0,0.0,0.0,-0.36505183577537537,0.04499870166182518,-0.0,0.0,-0.6114315390586853,0.0,0.0,0.0,0.0,-0.0,0.0,-0.0,0.0,0.0,0.1693611741065979,0.28226861357688904,0.28226861357688904,0.28226861357688904,0.28226861357688904,0.0,0.0,0.0,0.0,0.0,0,0,0,0
0.0,0.0,0.0,0.0,0.0,0.0,0.0,-0.3730487823486328,0.04598446190357208,-0.0,0.0,-0.6248340010643005,0.0,0.0,0.0,0.0,-0.0,0.0,-0.0,0.0,0.0,0.17307128012180328,0.2884521186351776,0.2884521186351776,0.2884521186351776,0.2884521186351776,0.0,0.0,0.0,0.0,0.0,0,0,0,0
0.0,0.0,0.0,0.0,0.0,0.0,0.0,-0.381084680557251,0.04697500914335251,-0.0,0.0,-0.6383019685745239,0.0,0.0,0.0,0.0,-0.0,0.0,-0.0,0.0,0.0,0.17679938673973083,0.294665664434433,0.294665664434433,0.294665664434433,0.294665664434433,0.0,0.0,0.0,0.0,0.0,0,0,0,0
0.0,0.0,0.0,0.0,0.0,0.0,0.0,-0.38915786147117615,0.04797017201781273,-0.0,0.0,-0.6518329977989197,0.0,0.0,0.0,0.0,-0.0,0.0,-0.0,0.0,0.0,0.18054485321044922,0.30090808868408203,0.30090808868408203,0.30090808868408203,0.30090808868408203,0.0,0.0,0.0,0.0,0.0,0,0,0,0
0.0,0.0,0.0,0.0,0.0,0.0,0.0,-0.39726656675338745,0.04896970093250275,-0.0,0.0,-0.6654239892959595,0.0,0.0,0.0,0.0,-0.0,0.0,-0.0,0.0,0.0,0.1843067705631256,0.30717796087265015,0.30717796087265015,0.30717796087265015,0.30717796087265015,0.0,0.0,0.0,0.0,0.0,0,0,0,0
0.0,0.0,0.0,0.0,0.0,0.0,0.0,-0.4054090976715088,0.04997340589761734,-0.0,0.0,-0.6790719628334045,0.0,0.0,0.0,0.0,-0.0,0.0,-0.0,0.0,0.0,0.1880844086408615,0.31347399950027466,0.31347399950027466,0.31347399950027466,0.31347399950027466,0.0,0.0,0.0,0.0,0.0,0,0,0,0
0.0,0.0,0.0,0.0,0.0,0.0,0.0,-0.41358381509780884,0.0509810708463192,-0.0,0.0,-0.6927744150161743,0.0,0.0,0.0,0.0,-0.0,0.0,-0.0,0.0,0.0,0.19187697768211365,0.3197949230670929,0.3197949230670929,0.3197949230670929,0.3197949230670929,0.0,0.0,0.0,0.0,0.0,0,0,0,0
0.0,0.0,0.0,0.0,0.0,0.0,0.0,-0.4217889606952667,0.051992498338222504,-0.0,0.0,-0.7065283060073853,0.0,0.0,0.0,0.0,-0.0,0.0,-0.0,0.0,0.0,0.19568365812301636,0.3261394202709198,0.3261394202709198,0.3261394202709198,0.3261394202709198,0.0,0.0,0.0,0.0,0.0,0,0,0,0
0.0,0.0,0.0,0.0,0.0,0.0,0.0,-0.4300229847431183,0.05300747603178024,-0.0,0.0,-0.7203309535980225,0.0,0.0,0.0,0.0,-0.0,0.0,-0.0,0.0,0.0,0.19950373470783234,0.3325061798095703,0.3325061798095703,0.3325061798095703,0.3325061798095703,0.0,0.0,0.0,0.0,0.0,0,0,0,0
0.0,0.0,0.0,0.0,0.0,0.0,0.0,-0.4382840394973755,0.05402578413486481,-0.0,0.0,-0.7341793179512024,0.0,0.0,0.0,0.0,-0.0,0.0,-0.0,0.0,0.0,0.20333632826805115,0.338893860578537,0.338893860578537,0.338893860578537,0.338893860578537,0.0,0.0,0.0,0.0,0.0,0,0,0,0
0.0,0.0,0.0,0.0,0.0,0.0,0.0,-0.4465704560279846,0.055047228932380676,-0.0,0.0,-0.7480707168579102,0.0,0.0,0.0,0.0,-0.0,0.0,-0.0,0.0,0.0,0.2071807086467743,0.34530115127563477,0.34530115127563477,0.34530115127563477,0.34530115127563477,0.0,0.0,0.0,0.0,0.0,0,0,0,0
0.0,0.0,0.0,0.0,0.0,0.0,0.0,-0.45488062500953674,0.05607159435749054,-0.0,0.0,-0.7620025873184204,0.0,0.0,0.0,0.0,-0.0,0.0,-0.0,0.0,0.0,0.2110360860824585,0.35172683000564575,0.35172683000564575,0.35172683000564575,0.35172683000564575,0.0,0.0,0.0,0.0,0.0,0,0,0,0
0.0,0.0,0.0,0.0,0.0,0.0,0.0,-0.4632127583026886,0.05709867179393768,-0.0,0.0,-0.775971531867981,0.0,0.0,0.0,0.0,-0.0,0.0,-0.0,0.0,0.0,0.21490168571472168,0.3581694960594177,0.3581694960594177,0.3581694960594177,0.3581694960594177,0.0,0.0,0.0,0.0,0.0,0,0,0,0
0.0,0.0,0.0,0.0,0.0,0.0,0.0,-0.471565306186676,0.05812825262546539,-0.0,0.0,-0.7899752259254456,0.0,0.0,0.0,0.0,-0.0,0.0,-0.0,0.0,0.0,0.21877673268318176,0.364627867937088,0.364627867937088,0.364627867937088,0.364627867937088,0.0,0.0,0.0,0.0,0.0,0,0,0,0
0.0,0.0,0.0,0.0,0.0,0.0,0.0,-0.4799363315105438,0.05916012451052666,-0.0,0.0,-0.8040105104446411,0.0,0.0,0.0,0.0,-0.0,0.0,-0.0,0.0,0.0,0.2226603627204895,0.37110063433647156,0.37110063433647156,0.37110063433647156,0.37110063433647156,0.0,0.0,0.0,0.0,0.0,0,0,0,0
0.0,0.0,0.0,0.0,0.0,0.0,0.0,-0.4883243441581726,0.06019409000873566,-0.0,0.0,-0.8180747032165527,0.0,0.0,0.0,0.0,-0.0,0.0,-0.0,0.0,0.0,0.22655189037322998,0.3775864839553833,0.3775864839553833,0.3775864839553833,0.3775864839553833,0.0,0.0,0.0,0.0,0.0,0,0,0,0
0.0,0.0,0.0,0.0,0.0,0.0,0.0,-0.4967276453971863,0.06122993305325508,-0.0,0.0,-0.832165002822876,0.0,0.0,0.0,0.0,-0.0,0.0,-0.0,0.0,0.0,0.23045051097869873,0.38408416509628296,0.38408416509628296,0.38408416509628296,0.38408416509628296,0.0,0.0,0.0,0.0,0.0,0,0,0,0
0.0,0.0,0.0,0.0,0.0,0.0,0.0,-0.5051444172859192,0.06226744130253792,-0.0,0.0,-0.8462784886360168,0.0,0.0,0.0,0.0,-0.0,0.0,-0.0,0.0,0.0,0.2343553602695465,0.39059221744537354,0.39059221744537354,0.39059221744537354,0.39059221744537354,0.0,0.0,0.0,0.0,0.0,0,0,0,0
0.0,0.0,0.0,0.0,0.0,0.0,0.0,-0.5135731101036072,0.06330641359090805,-0.0,0.0,-0.8604123592376709,0.0,0.0,0.0,0.0,-0.0,0.0,-0.0,0.0,0.0,0.238265722990036,0.3971095383167267,0.3971095383167267,0.3971095383167267,0.3971095383167267,0.0,0.0,0.0,0.0,0.0,0,0,0,0
0.0,0.0,0.0,0.0,0.0,0.0,0.0,-0.5220118761062622,0.06434664130210876,-0.0,0.0,-0.8745639324188232,0.0,0.0,0.0,0.0,-0.0,0.0,-0.0,0.0,0.0,0.24218079447746277,0.403634637594223,0.403634637594223,0.403634637594223,0.403634637594223,0.0,0.0,0.0,0.0,0.0,0,0,0,0
0.0,0.0,0.0,0.0,0.0,0.0,0.0,-0.5304591655731201,0.06538790464401245,-0.0,0.0,-0.8887302279472351,0.0,0.0,0.0,0.0,-0.0,0.0,-0.0,0.0,0.0,0.2460997998714447,0.41016632318496704,0.41016632318496704,0.41016632318496704,0.41016632318496704,0.0,0.0,0.0,0.0,0.0,0,0,0,0
0.0,0.0,0.0,0.0,0.0,0.0,0.0,-0.5389131903648376,0.06643000990152359,-0.0,0.0,-0.902908444404602,0.0,0.0,0.0,0.0,-0.0,0.0,-0.0,0.0,0.0,0.25002196431159973,0.4167032241821289,0.4167032241821289,0.4167032241821289,0.4167032241821289,0.0,0.0,0.0,0.0,0.0,0,0,0,0
0.0,0.0,0.0,0.0,0.0,0.0,0.0,-0.5473722815513611,0.06747272610664368,-0.0,0.0,-0.9170956015586853,0.0,0.0,0.0,0.0,-0.0,0.0,-0.0,0.0,0.0,0.253946453332901,0.42324405908584595,0.42324405908584595,0.42324405908584595,0.42324405908584595,0.0,0.0,0.0,0.0,0.0,0,0,0,0
0.0,0.0,0.0,0.0,0.0,0.0,0.0,-0.5558348894119263,0.06851587444543839,-0.0,0.0,-0.9312891960144043,0.0,0.0,0.0,0.0,-0.0,0.0,-0.0,0.0,0.0,0.2578725218772888,0.4297875463962555,0.4297875463962555,0.4297875463962555,0.4297875463962555,0.0,0.0,0.0,0.0,0.0,0,0,0,0
0.0,0.0,0.0,0.0,0.0,0.0,0.0,-0.5642990469932556,0.06955923140048981,-0.0,0.0,-0.9454862475395203,0.0,0.0,0.0,0.0,-0.0,0.0,-0.0,0.0,0.0,0.2617993950843811,0.4363323152065277,0.4363323152065277,0.4363323152065277,0.4363323152065277,0.0,0.0,0.0,0.0,0.0,0,0,0,0
0.0,0.0,0.0,0.0,0.0,0.0,0.0,-0.5727632641792297,0.07060258835554123,-0.0,0.0,-0.959683895111084,0.0,0.0,0.0,0.0,-0.0,0.0,-0.0,0.0,0.0,0.2657262682914734,0.44287705421447754,0.44287705421447754,0.44287705421447754,0.44287705421447754,0.0,0.0,0.0,0.0,0.0,0,0,0,0
0.0,0.0,0.0,0.0,0.0,0.0,0.0,-0.5812256932258606,0.07164572179317474,-0.0,0.0,-0.9738792181015015,0.0,0.0,0.0,0.0,-0.0,0.0,-0.0,0.0,0.0,0.2696523070335388,0.4494205117225647,0.4494205117225647,0.4494205117225647,0.4494205117225647,0.0,0.0,0.0,0.0,0.0,0,0,0,0
0.0,0.0,0.0,0.0,0.0,0.0,0.0,-0.5896849036216736,0.07268846035003662,-0.0,0.0,-0.9880696535110474,0.0,0.0,0.0,0.0,-0.0,0.0,-0.0,0.0,0.0,0.2735767960548401,0.4559613764286041,0.4559613764286041,0.4559613764286041,0.4559613764286041,0.0,0.0,0.0,0.0,0.0,0,0,0,0
0.0,0.0,0.0,0.0,0.0,0.0,0.0,-0.5981389880180359,0.07373056560754776,-0.0,0.0,-1.0022523403167725,0.0,0.0,0.0,0.0,-0.0,0.0,-0.0,0.0,0.0,0.2774990200996399,0.46249833703041077,0.46249833703041077,0.46249833703041077,0.46249833703041077,0.0,0.0,0.0,0.0,0.0,0,0,0,0
0.0,0.0,0.0,0.0,0.0,0.0,0.0,-0.6065860986709595,0.07477181404829025,-0.0,0.0,-1.0164239406585693,0.0,0.0,0.0,0.0,-0.0,0.0,-0.0,0.0,0.0,0.28141793608665466,0.46902990341186523,0.46902990341186523,0.46902990341186523,0.46902990341186523,0.0,0.0,0.0,0.0,0.0,0,0,0,0
0.0,0.0,0.0,0.0,0.0,0.0,0.0,-0.6150249242782593,0.07581204175949097,-0.0,0.0,-1.030582308769226,0.0,0.0,0.0,0.0,-0.0,0.0,-0.0,0.0,0.0,0.2853330373764038,0.47555509209632874,0.47555509209632874,0.47555509209632874,0.47555509209632874,0.0,0.0,0.0,0.0,0.0,0,0,0,0
0.0,0.0,0.0,0.0,0.0,0.0,0.0,-0.6234536170959473,0.0768510103225708,-0.0,0.0,-1.0447242259979248,0.0,0.0,0.0,0.0,-0.0,0.0,-0.0,0.0,0.0,0.2892434298992157,0.4820723235607147,0.4820723235607147,0.4820723235607147,0.4820723235607147,0.0,0.0,0.0,0.0,0.0,0,0,0,0
0.0,0.0,0.0,0.0,0.0,0.0,0.0,-0.6318705081939697,0.07788853347301483,-0.0,0.0,-1.058847188949585,0.0,0.0,0.0,0.0,-0.0,0.0,-0.0,0.0,0.0,0.29314833879470825,0.48858052492141724,0.48858052492141724,0.48858052492141724,0.48858052492141724,0.0,0.0,0.0,0.0,0.0,0,0,0,0
0.0,0.0,0.0,0.0,0.0,0.0,0.0,-0.6402736902236938,0.07892438024282455,-0.0,0.0,-1.0729479789733887,0.0,0.0,0.0,0.0,-0.0,0.0,-0.0,0.0,0.0,0.2970468997955322,0.4950781762599945,0.4950781762599945,0.4950781762599945,0.4950781762599945,0.0,0.0,0.0,0.0,0.0,0,0,0,0
0.0,0.0,0.0,0.0,0.0,0.0,0.0,-0.6486618518829346,0.07995834201574326,-0.0,0.0,-1.0870240926742554,0.0,0.0,0.0,0.0,-0.0,0.0,-0.0,0.0,0.0,0.3009383976459503,0.5015639662742615,0.5015639662742615,0.5015639662742615,0.5015639662742615,0.0,0.0,0.0,0.0,0.0,0,0,0,0
0.0,0.0,0.0,0.0,0.0,0.0,0.0,-0.65703284740448,0.08099021017551422,-0.0,0.0,-1.1010723114013672,0.0,0.0,0.0,0.0,-0.0,0.0,-0.0,0.0,0.0,0.30482205748558044,0.508036732673645,0.508036732673645,0.508036732673645,0.508036732673645,0.0,0.0,0.0,0.0,0.0,0,0,0,0
0.0,0.0,0.0,0.0,0.0,0.0,0.0,-0.665385365486145,0.08201979100704193,-0.0,0.0,-1.1150901317596436,0.0,0.0,0.0,0.0,-0.0,0.0,-0.0,0.0,0.0,0.3086971044540405,0.5144951939582825,0.5144951939582825,0.5144951939582825,0.5144951939582825,0.0,0.0,0.0,0.0,0.0,0,0,0,0
0.0,0.0,0.0,0.0,0.0,0.0,0.0,-0.6737174391746521,0.08304686844348907,-0.0,0.0,-1.1290748119354248,0.0,0.0,0.0,0.0,-0.0,0.0,-0.0,0.0,0.0,0.31256264448165894,0.5209378004074097,0.5209378004074097,0.5209378004074097,0.5209378004074097,0.0,0.0,0.0,0.0,0.0,0,0,0,0
0.0,0.0,0.0,0.0,0.0,0.0,0.0,-0.6820275783538818,0.08407123386859894,-0.0,0.0,-1.1430232524871826,0.0,0.0,0.0,0.0,-0.0,0.0,-0.0,0.0,0.0,0.3164180517196655,0.5273634195327759,0.5273634195327759,0.5273634195327759,0.5273634195327759,0.0,0.0,0.0,0.0,0.0,0,0,0,0
0.0,0.0,0.0,0.0,0.0,0.0,0.0,-0.6903140544891357,0.08509267866611481,-0.0,0.0,-1.1569325923919678,0.0,0.0,0.0,0.0,-0.0,0.0,-0.0,0.0,0.0,0.32026249170303345,0.533770740032196,0.533770740032196,0.533770740032196,0.533770740032196,0.0,0.0,0.0,0.0,0.0,0,0,0,0
0.0,0.0,0.0,0.0,0.0,0.0,0.0,-0.6985751390457153,0.08611097931861877,-0.0,0.0,-1.1708003282546997,0.0,0.0,0.0,0.0,-0.0,0.0,-0.0,0.0,0.0,0.32409507036209106,0.5401584506034851,0.5401584506034851,0.5401584506034851,0.5401584506034851,0.0,0.0,0.0,0.0,0.0,0,0,0,0
0.0,0.0,0.0,0.0,0.0,0.0,0.0,-0.7068090438842773,0.08712596446275711,-0.0,0.0,-1.18462336063385,0.0,0.0,0.0,0.0,-0.0,0.0,-0.0,0.0,0.0,0.32791513204574585,0.546525239944458,0.546525239944458,0.546525239944458,0.546525239944458,0.0,0.0,0.0,0.0,0.0,0,0,0,0
0.0,0.0,0.0,0.0,0.0,0.0,0.0,-0.7150143384933472,0.08813738822937012,-0.0,0.0,-1.1983990669250488,0.0,0.0,0.0,0.0,-0.0,0.0,-0.0,0.0,0.0,0.33172184228897095,0.5528696775436401,0.5528696775436401,0.5528696775436401,0.5528696775436401,0.0,0.0,0.0,0.0,0.0,0,0,0,0
0.0,0.0,0.0,0.0,0.0,0.0,0.0,-0.7231889963150024,0.08914506435394287,-0.0,0.0,-1.2121245861053467,0.0,0.0,0.0,0.0,-0.0,0.0,-0.0,0.0,0.0,0.3355144262313843,0.5591906309127808,0.5591906309127808,0.5591906309127808,0.5591906309127808,0.0,0.0,0.0,0.0,0.0,0,0,0,0
0.0,0.0,0.0,0.0,0.0,0.0,0.0,-0.7313315272331238,0.09014876186847687,-0.0,0.0,-1.2257966995239258,0.0,0.0,0.0,0.0,-0.0,0.0,-0.0,0.0,0.0,0.339292049407959,0.5654866695404053,0.5654866695404053,0.5654866695404053,0.5654866695404053,0.0,0.0,0.0,0.0,0.0,0,0,0,0
0.0,0.0,0.0,0.0,0.0,0.0,0.0,-0.7394402027130127,0.09114828705787659,-0.0,0.0,-1.2394129037857056,0.0,0.0,0.0,0.0,-0.0,0.0,-0.0,0.0,0.0,0.3430538773536682,0.5717565417289734,0.5717565417289734,0.5717565417289734,0.5717565417289734,0.0,0.0,0.0,0.0,0.0,0,0,0,0
0.0,0.0,0.0,0.0,0.0,0.0,0.0,-0.7475133538246155,0.09214343875646591,-0.0,0.0,-1.2529704570770264,0.0,0.0,0.0,0.0,-0.0,0.0,-0.0,0.0,0.0,0.3467993140220642,0.5779988765716553,0.5779988765716553,0.5779988765716553,0.5779988765716553,0.0,0.0,0.0,0.0,0.0,0,0,0,0
0.0,0.0,0.0,0.0,0.0,0.0,0.0,-0.7555492520332336,0.09313400089740753,-0.0,0.0,-1.2664666175842285,0.0,0.0,0.0,0.0,-0.0,0.0,-0.0,0.0,0.0,0.3505275547504425,0.5842125415802002,0.5842125415802002,0.5842125415802002,0.5842125415802002,0.0,0.0,0.0,0.0,0.0,0,0,0,0
0.0,0.0,0.0,0.0,0.0,0.0,0.0,-0.763546347618103,0.09411976486444473,-0.0,0.0,-1.2798981666564941,0.0,0.0,0.0,0.0,-0.0,0.0,-0.0,0.0,0.0,0.3542376160621643,0.5903960466384888,0.5903960466384888,0.5903960466384888,0.5903960466384888,0.0,0.0,0.0,0.0,0.0,0,0,0,0
0.0,0.0,0.0,0.0,0.0,0.0,0.0,-0.7715025544166565,0.0951005071401596,-0.0,0.0,-1.2932624816894531,0.0,0.0,0.0,0.0,-0.0,0.0,-0.0,0.0,0.0,0.3579288423061371,0.5965480804443359,0.5965480804443359,0.5965480804443359,0.5965480804443359,0.0,0.0,0.0,0.0,0.0,0,0,0,0
0.0,0.0,0.0,0.0,0.0,0.0,0.0,-0.779416561126709,0.09607604891061783,-0.0,0.0,-1.3065568208694458,0.0,0.0,0.0,0.0,-0.0,0.0,-0.0,0.0,0.0,0.36160048842430115,0.6026673913002014,0.6026673913002014,0.6026673913002014,0.6026673913002014,0.0,0.0,0.0,0.0,0.0,0,0,0,0
0.0,0.0,0.0,0.0,0.0,0.0,0.0,-0.7872865796089172,0.0970461443066597,-0.0,0.0,-1.3197782039642334,0.0,0.0,0.0,0.0,-0.0,0.0,-0.0,0.0,0.0,0.36525166034698486,0.6087527275085449,0.6087527275085449,0.6087527275085449,0.6087527275085449,0.0,0.0,0.0,0.0,0.0,0,0,0,0
0.0,0.0,0.0,0.0,0.0,0.0,0.0,-0.7951110005378723,0.09801062941551208,-0.0,0.0,-1.3329240083694458,0.0,0.0,0.0,0.0,-0.0,0.0,-0.0,0.0,0.0,0.3688816726207733,0.6148027181625366,0.6148027181625366,0.6148027181625366,0.6148027181625366,0.0,0.0,0.0,0.0,0.0,0,0,0,0
0.0,0.0,0.0,0.0,0.0,0.0,0.0,-0.8028878569602966,0.09896926581859589,-0.0,0.0,-1.3459912538528442,0.0,0.0,0.0,0.0,-0.0,0.0,-0.0,0.0,0.0,0.3724896013736725,0.6208161115646362,0.6208161115646362,0.6208161115646362,0.6208161115646362,0.0,0.0,0.0,0.0,0.0,0,0,0,0
0.0,0.0,0.0,0.0,0.0,0.0,0.0,-0.8106154799461365,0.0999218299984932,-0.0,0.0,-1.3589767217636108,0.0,0.0,0.0,0.0,-0.0,0.0,-0.0,0.0,0.0,0.37607482075691223,0.62679123878479,0.62679123878479,0.62679123878479,0.62679123878479,0.0,0.0,0.0,0.0,0.0,0,0,0,0
0.0,0.0,0.0,0.0,0.0,0.0,0.0,-0.8182925581932068,0.10086815059185028,-0.0,0.0,-1.3718783855438232,0.0,0.0,0.0,0.0,-0.0,0.0,-0.0,0.0,0.0,0.3796364665031433,0.6327273845672607,0.6327273845672607,0.6327273845672607,0.6327273845672607,0.0,0.0,0.0,0.0,0.0,0,0,0,0
0.0,0.0,0.0,0.0,0.0,0.0,0.0,-0.8259170651435852,0.10180800408124924,-0.0,0.0,-1.3846930265426636,0.0,0.0,0.0,0.0,-0.0,0.0,-0.0,0.0,0.0,0.38317379355430603,0.6386229991912842,0.6386229991912842,0.6386229991912842,0.6386229991912842,0.0,0.0,0.0,0.0,0.0,0,0,0,0
0.0,0.0,0.0,0.0,0.0,0.0,0.0,-0.8334875702857971,0.10274118930101395,-0.0,0.0,-1.3974180221557617,0.0,0.0,0.0,0.0,-0.0,0.0,-0.0,0.0,0.0,0.38668596744537354,0.644476592540741,0.644476592540741,0.644476592540741,0.644476592540741,0.0,0.0,0.0,0.0,0.0,0,0,0,0
0.0,0.0,0.0,0.0,0.0,0.0,0.0,-0.8410019874572754,0.10366746038198471,-0.0,0.0,-1.4100499153137207,0.0,0.0,0.0,0.0,-0.0,0.0,-0.0,0.0,0.0,0.39017221331596375,0.6502870321273804,0.6502870321273804,0.6502870321273804,0.6502870321273804,0.0,0.0,0.0,0.0,0.0,0,0,0,0
0.0,0.0,0.0,0.0,0.0,0.0,0.0,-0.8484589457511902,0.1045866534113884,-0.0,0.0,-1.4225865602493286,0.0,0.0,0.0,0.0,-0.0,0.0,-0.0,0.0,0.0,0.3936317563056946,0.6560529470443726,0.6560529470443726,0.6560529470443726,0.6560529470443726,0.0,0.0,0.0,0.0,0.0,0,0,0,0
0.0,0.0,0.0,0.0,0.0,0.0,0.0,-0.8558566570281982,0.1054985299706459,-0.0,0.0,-1.435024619102478,0.0,0.0,0.0,0.0,-0.0,0.0,-0.0,0.0,0.0,0.39706385135650635,0.6617730855941772,0.6617730855941772,0.6617730855941772,0.6617730855941772,0.0,0.0,0.0,0.0,0.0,0,0,0,0
0.0,0.0,0.0,0.0,0.0,0.0,0.0,-0.8631932735443115,0.1064029112458229,-0.0,0.0,-1.4473618268966675,0.0,0.0,0.0,0.0,-0.0,0.0,-0.0,0.0,0.0,0.40046757459640503,0.667445957660675,0.667445957660675,0.667445957660675,0.667445957660675,0.0,0.0,0.0,0.0,0.0,0,0,0,0
0.0,0.0,0.0,0.0,0.0,0.0,0.0,-0.8704674243927002,0.1072995662689209,-0.0,0.0,-1.4595947265625,0.0,0.0,0.0,0.0,-0.0,0.0,-0.0,0.0,0.0,0.4038423001766205,0.67307049036026,0.67307049036026,0.67307049036026,0.67307049036026,0.0,0.0,0.0,0.0,0.0,0,0,0,0
0.0,0.0,0.0,0.0,0.0,0.0,0.0,-0.8776772022247314,0.10818829387426376,-0.0,0.0,-1.4717210531234741,0.0,0.0,0.0,0.0,-0.0,0.0,-0.0,0.0,0.0,0.40718716382980347,0.6786453127861023,0.6786453127861023,0.6786453127861023,0.6786453127861023,0.0,0.0,0.0,0.0,0.0,0,0,0,0
0.0,0.0,0.0,0.0,0.0,0.0,0.0,-0.884820818901062,0.1090688705444336,-0.0,0.0,-1.483737587928772,0.0,0.0,0.0,0.0,-0.0,0.0,-0.0,0.0,0.0,0.4105014503002167,0.6841689944267273,0.6841689944267273,0.6841689944267273,0.6841689944267273,0.0,0.0,0.0,0.0,0.0,0,0,0,0
0.0,0.0,0.0,0.0,0.0,0.0,0.0,-0.8918969631195068,0.10994111746549606,-0.0,0.0,-1.4956419467926025,0.0,0.0,0.0,0.0,-0.0,0.0,-0.0,0.0,0.0,0.41378432512283325,0.6896405220031738,0.6896405220031738,0.6896405220031738,0.6896405220031738,0.0,0.0,0.0,0.0,0.0,0,0,0,0
0.0,0.0,0.0,0.0,0.0,0.0,0.0,-0.8989036083221436,0.11080479621887207,-0.0,0.0,-1.5074307918548584,0.0,0.0,0.0,0.0,-0.0,0.0,-0.0,0.0,0.0,0.41703492403030396,0.6950582265853882,0.6950582265853882,0.6950582265853882,0.6950582265853882,0.0,0.0,0.0,0.0,0.0,0,0,0,0
0.0,0.0,0.0,0.0,0.0,0.0,0.0,-0.9058391451835632,0.11165972054004669,-0.0,0.0,-1.5191015005111694,0.0,0.0,0.0,0.0,-0.0,0.0,-0.0,0.0,0.0,0.42025256156921387,0.7004209756851196,0.7004209756851196,0.7004209756851196,0.7004209756851196,0.0,0.0,0.0,0.0,0.0,0,0,0,0
0.0,0.0,0.0,0.0,0.0,0.0,0.0,-0.9127018451690674,0.11250565946102142,-0.0,0.0,-1.530651330947876,0.0,0.0,0.0,0.0,-0.0,0.0,-0.0,0.0,0.0,0.4234364330768585,0.7057274580001831,0.7057274580001831,0.7057274580001831,0.7057274580001831,0.0,0.0,0.0,0.0,0.0,0,0,0,0
0.0,0.0,0.0,0.0,0.0,0.0,0.0,-0.9194900393486023,0.11334242671728134,-0.0,0.0,-1.5420773029327393,0.0,0.0,0.0,0.0,-0.0,0.0,-0.0,0.0,0.0,0.42658576369285583,0.7109763026237488,0.7109763026237488,0.7109763026237488,0.7109763026237488,0.0,0.0,0.0,0.0,0.0,0,0,0,0
0.0,0.0,0.0,0.0,0.0,0.0,0.0,-0.9262020587921143,0.11416977643966675,-0.0,0.0,-1.55337655544281,0.0,0.0,0.0,0.0,-0.0,0.0,-0.0,0.0,0.0,0.42969968914985657,0.7161661386489868,0.7161661386489868,0.7161661386489868,0.7161661386489868,0.0,0.0,0.0,0.0,0.0,0,0,0,0
0.0,0.0,0.0,0.0,0.0,0.0,0.0,-0.9328362345695496,0.11498755216598511,-0.0,0.0,-1.5645465850830078,0.0,0.0,0.0,0.0,-0.0,0.0,-0.0,0.0,0.0,0.4327775239944458,0.7212958335876465,0.7212958335876465,0.7212958335876465,0.7212958335876465,0.0,0.0,0.0,0.0,0.0,0,0,0,0
0.0,0.0,0.0,0.0,0.0,0.0,0.0,-0.9393909573554993,0.11579553037881851,-0.0,0.0,-1.5755845308303833,0.0,0.0,0.0,0.0,-0.0,0.0,-0.0,0.0,0.0,0.43581855297088623,0.726364254951477,0.726364254951477,0.726364254951477,0.726364254951477,0.0,0.0,0.0,0.0,0.0,0,0,0,0
0.0,0.0,0.0,0.0,0.0,0.0,0.0,-0.9458642601966858,0.11659347265958786,-0.0,0.0,-1.586487054824829,0.0,0.0,0.0,0.0,-0.0,0.0,-0.0,0.0,0.0,0.4388217329978943,0.7313694953918457,0.7313694953918457,0.7313694953918457,0.7313694953918457,0.0,0.0,0.0,0.0,0.0,0,0,0,0
0.0,0.0,0.0,0.0,0.0,0.0,0.0,-0.9522546529769897,0.11738120019435883,-0.0,0.0,-1.5972518920898438,0.0,0.0,0.0,0.0,-0.0,0.0,-0.0,0.0,0.0,0.4417864680290222,0.7363108396530151,0.7363108396530151,0.7363108396530151,0.7363108396530151,0.0,0.0,0.0,0.0,0.0,0,0,0,0
0.0,0.0,0.0,0.0,0.0,0.0,0.0,-0.9585604071617126,0.1181584969162941,-0.0,0.0,-1.607875943183899,0.0,0.0,0.0,0.0,-0.0,0.0,-0.0,0.0,0.0,0.44471192359924316,0.7411865592002869,0.7411865592002869,0.7411865592002869,0.7411865592002869,0.0,0.0,0.0,0.0,0.0,0,0,0,0
0.0,0.0,0.0,0.0,0.0,0.0,0.0,-0.9647799134254456,0.11892514675855637,-0.0,0.0,-1.618356466293335,0.0,0.0,0.0,0.0,-0.0,0.0,-0.0,0.0,0.0,0.4475974142551422,0.7459957003593445,0.7459957003593445,0.7459957003593445,0.7459957003593445,0.0,0.0,0.0,0.0,0.0,0,0,0,0
0.0,0.0,0.0,0.0,0.0,0.0,0.0,-0.9709112644195557,0.11968093365430832,-0.0,0.0,-1.6286903619766235,0.0,0.0,0.0,0.0,-0.0,0.0,-0.0,0.0,0.0,0.45044195652008057,0.7507365942001343,0.7507365942001343,0.7507365942001343,0.7507365942001343,0.0,0.0,0.0,0.0,0.0,0,0,0,0
0.0,0.0,0.0,0.0,0.0,0.0,0.0,-0.9769529104232788,0.12042567133903503,-0.0,0.0,-1.6388753652572632,0.0,0.0,0.0,0.0,-0.0,0.0,-0.0,0.0,0.0,0.4532449543476105,0.7554082274436951,0.7554082274436951,0.7554082274436951,0.7554082274436951,0.0,0.0,0.0,0.0,0.0,0,0,0,0
0.0,0.0,0.0,0.0,0.0,0.0,0.0,-0.9829031229019165,0.1211591362953186,-0.0,0.0,-1.648908019065857,0.0,0.0,0.0,0.0,-0.0,0.0,-0.0,0.0,0.0,0.45600542426109314,0.7600091099739075,0.7600091099739075,0.7600091099739075,0.7600091099739075,0.0,0.0,0.0,0.0,0.0,0,0,0,0
0.0,0.0,0.0,0.0,0.0,0.0,0.0,-0.9887603521347046,0.12188111245632172,-0.0,0.0,-1.6587858200073242,0.0,0.0,0.0,0.0,-0.0,0.0,-0.0,0.0,0.0,0.4587227702140808,0.7645379900932312,0.7645379900932312,0.7645379900932312,0.7645379900932312,0.0,0.0,0.0,0.0,0.0,0,0,0,0
0.0,0.0,0.0,0.0,0.0,0.0,0.0,-0.9945225715637207,0.12259142100811005,-0.0,0.0,-1.6685060262680054,0.0,0.0,0.0,0.0,-0.0,0.0,-0.0,0.0,0.0,0.46139615774154663,0.768993616104126,0.768993616104126,0.768993616104126,0.768993616104126,0.0,0.0,0.0,0.0,0.0,0,0,0,0
0.0,0.0,0.0,0.0,0.0,0.0,0.0,-1.0001885890960693,0.12328985333442688,-0.0,0.0,-1.6780657768249512,0.0,0.0,0.0,0.0,-0.0,0.0,-0.0,0.0,0.0,0.46402472257614136,0.773374617099762,0.773374617099762,0.773374617099762,0.773374617099762,0.0,0.0,0.0,0.0,0.0,0,0,0,0
0.0,0.0,0.0,0.0,0.0,0.0,0.0,-1.0057562589645386,0.12397615611553192,-0.0,0.0,-1.6874622106552124,0.0,0.0,0.0,0.0,-0.0,0.0,-0.0,0.0,0.0,0.46660780906677246,0.7776796817779541,0.7776796817779541,0.7776796817779541,0.7776796817779541,0.0,0.0,0.0,0.0,0.0,0,0,0,0
0.0,0.0,0.0,0.0,0.0,0.0,0.0,-1.0112241506576538,0.12465015053749084,-0.0,0.0,-1.6966924667358398,0.0,0.0,0.0,0.0,-0.0,0.0,-0.0,0.0,0.0,0.4691445231437683,0.7819075584411621,0.7819075584411621,0.7819075584411621,0.7819075584411621,0.0,0.0,0.0,0.0,0.0,0,0,0,0
0.0,0.0,0.0,0.0,0.0,0.0,0.0,-1.0165902376174927,0.12531161308288574,-0.0,0.0,-1.7057534456253052,0.0,0.0,0.0,0.0,-0.0,0.0,-0.0,0.0,0.0,0.4716341495513916,0.7860569357872009,0.7860569357872009,0.7860569357872009,0.7860569357872009,0.0,0.0,0.0,0.0,0.0,0,0,0,0
0.0,0.0,0.0,0.0,0.0,0.0,0.0,-1.0218532085418701,0.1259603649377823,-0.0,0.0,-1.7146427631378174,0.0,0.0,0.0,0.0,-0.0,0.0,-0.0,0.0,0.0,0.4740757942199707,0.7901262640953064,0.7901262640953064,0.7901262640953064,0.7901262640953064,0.0,0.0,0.0,0.0,0.0,0,0,0,0
0.0,0.0,0.0,0.0,0.0,0.0,0.0,-1.0270110368728638,0.12659616768360138,-0.0,0.0,-1.7233576774597168,0.0,0.0,0.0,0.0,-0.0,0.0,-0.0,0.0,0.0,0.4764687418937683,0.7941145896911621,0.7941145896911621,0.7941145896911621,0.7941145896911621,0.0,0.0,0.0,0.0,0.0,0,0,0,0
0.0,0.0,0.0,0.0,0.0,0.0,0.0,-1.0320624113082886,0.1272188127040863,-0.0,0.0,-1.7318944931030273,0.0,0.0,0.0,0.0,-0.0,0.0,-0.0,0.0,0.0,0.4788122773170471,0.7980203628540039,0.7980203628540039,0.7980203628540039,0.7980203628540039,0.0,0.0,0.0,0.0,0.0,0,0,0,0
0.0,0.0,0.0,0.0,0.0,0.0,0.0,-1.0370053052902222,0.12782813608646393,-0.0,0.0,-1.7402513027191162,0.0,0.0,0.0,0.0,-0.0,0.0,-0.0,0.0,0.0,0.4811055064201355,0.801842451095581,0.801842451095581,0.801842451095581,0.801842451095581,0.0,0.0,0.0,0.0,0.0,0,0,0,0
0.0,0.0,0.0,0.0,0.0,0.0,0.0,-1.0418381690979004,0.12842385470867157,-0.0,0.0,-1.748425006866455,0.0,0.0,0.0,0.0,-0.0,0.0,-0.0,0.0,0.0,0.48334765434265137,0.805579423904419,0.805579423904419,0.805579423904419,0.805579423904419,0.0,0.0,0.0,0.0,0.0,0,0,0,0
0.0,0.0,0.0,0.0,0.0,0.0,0.0,-1.0465595722198486,0.12900583446025848,-0.0,0.0,-1.7564127445220947,0.0,0.0,0.0,0.0,-0.0,0.0,-0.0,0.0,0.0,0.4855380654335022,0.8092300891876221,0.8092300891876221,0.8092300891876221,0.8092300891876221,0.0,0.0,0.0,0.0,0.0,0,0,0,0
0.0,0.0,0.0,0.0,0.0,0.0,0.0,-1.0511672496795654,0.12957382202148438,-0.0,0.0,-1.764211654663086,0.0,0.0,0.0,0.0,-0.0,0.0,-0.0,0.0,0.0,0.4876757860183716,0.8127928972244263,0.8127928972244263,0.8127928972244263,0.8127928972244263,0.0,0.0,0.0,0.0,0.0,0,0,0,0
0.0,0.0,0.0,0.0,0.0,0.0,0.0,-1.0556598901748657,0.13012760877609253,-0.0,0.0,-1.7718188762664795,0.0,0.0,0.0,0.0,-0.0,0.0,-0.0,0.0,0.0,0.48975998163223267,0.8162667751312256,0.8162667751312256,0.8162667751312256,0.8162667751312256,0.0,0.0,0.0,0.0,0.0,0,0,0,0
0.0,0.0,0.0,0.0,0.0,0.0,0.0,-1.0600358247756958,0.13066701591014862,-0.0,0.0,-1.7792315483093262,0.0,0.0,0.0,0.0,-0.0,0.0,-0.0,0.0,0.0,0.491790235042572,0.8196502923965454,0.8196502923965454,0.8196502923965454,0.8196502923965454,0.0,0.0,0.0,0.0,0.0,0,0,0,0
0.0,0.0,0.0,0.0,0.0,0.0,0.0,-1.0642930269241333,0.13119180500507355,-0.0,0.0,-1.786447286605835,0.0,0.0,0.0,0.0,-0.0,0.0,-0.0,0.0,0.0,0.49376535415649414,0.8229421377182007,0.8229421377182007,0.8229421377182007,0.8229421377182007,0.0,0.0,0.0,0.0,0.0,0,0,0,0
0.0,0.0,0.0,0.0,0.0,0.0,0.0,-1.0684303045272827,0.1317017823457718,-0.0,0.0,-1.7934625148773193,0.0,0.0,0.0,0.0,-0.0,0.0,-0.0,0.0,0.0,0.4956846833229065,0.8261411190032959,0.8261411190032959,0.8261411190032959,0.8261411190032959,0.0,0.0,0.0,0.0,0.0,0,0,0,0
0.0,0.0,0.0,0.0,0.0,0.0,0.0,-1.0724456310272217,0.13219672441482544,-0.0,0.0,-1.8002755641937256,0.0,0.0,0.0,0.0,-0.0,0.0,-0.0,0.0,0.0,0.49754756689071655,0.829245924949646,0.829245924949646,0.829245924949646,0.829245924949646,0.0,0.0,0.0,0.0,0.0,0,0,0,0
0.0,0.0,0.0,0.0,0.0,0.0,0.0,-1.0763373374938965,0.13267645239830017,-0.0,0.0,-1.8068821430206299,0.0,0.0,0.0,0.0,-0.0,0.0,-0.0,0.0,0.0,0.49935299158096313,0.8322550058364868,0.8322550058364868,0.8322550058364868,0.8322550058364868,0.0,0.0,0.0,0.0,0.0,0,0,0,0
0.0,0.0,0.0,0.0,0.0,0.0,0.0,-1.0801037549972534,0.13314072787761688,-0.0,0.0,-1.8132801055908203,0.0,0.0,0.0,0.0,-0.0,0.0,-0.0,0.0,0.0,0.5011004209518433,0.8351672887802124,0.8351672887802124,0.8351672887802124,0.8351672887802124,0.0,0.0,0.0,0.0,0.0,0,0,0,0
0.0,0.0,0.0,0.0,0.0,0.0,0.0,-1.0837430953979492,0.13358934223651886,-0.0,0.0,-1.8194668292999268,0.0,0.0,0.0,0.0,-0.0,0.0,-0.0,0.0,0.0,0.5027888417243958,0.8379815816879272,0.8379815816879272,0.8379815816879272,0.8379815816879272,0.0,0.0,0.0,0.0,0.0,0,0,0,0
0.0,0.0,0.0,0.0,0.0,0.0,0.0,-1.0872539281845093,0.13402210175991058,-0.0,0.0,-1.825439453125,0.0,0.0,0.0,0.0,-0.0,0.0,-0.0,0.0,0.0,0.5044176578521729,0.8406962156295776,0.8406962156295776,0.8406962156295776,0.8406962156295776,0.0,0.0,0.0,0.0,0.0,0,0,0,0
0.0,0.0,0.0,0.0,0.0,0.0,0.0,-1.0906344652175903,0.13443879783153534,-0.0,0.0,-1.8311948776245117,0.0,0.0,0.0,0.0,-0.0,0.0,-0.0,0.0,0.0,0.5059859156608582,0.8433098793029785,0.8433098793029785,0.8433098793029785,0.8433098793029785,0.0,0.0,0.0,0.0,0.0,0,0,0,0
0.0,0.0,0.0,0.0,0.0,0.0,0.0,-1.09388267993927,0.1348392218351364,-0.0,0.0,-1.8367304801940918,0.0,0.0,0.0,0.0,-0.0,0.0,-0.0,0.0,0.0,0.5074929594993591,0.845821738243103,0.845821738243103,0.845821738243103,0.845821738243103,0.0,0.0,0.0,0.0,0.0,0,0,0,0
0.0,0.0,0.0,0.0,0.0,0.0,0.0,-1.0969974994659424,0.1352231502532959,-0.0,0.0,-1.842043399810791,0.0,0.0,0.0,0.0,-0.0,0.0,-0.0,0.0,0.0,0.5089380145072937,0.8482301235198975,0.8482301235198975,0.8482301235198975,0.8482301235198975,0.0,0.0,0.0,0.0,0.0,0,0,0,0
0.0,0.0,0.0,0.0,0.0,0.0,0.0,-1.0999765396118164,0.13559037446975708,-0.0,0.0,-1.8471300601959229,0.0,0.0,0.0,0.0,-0.0,0.0,-0.0,0.0,0.0,0.5103200674057007,0.8505336046218872,0.8505336046218872,0.8505336046218872,0.8505336046218872,0.0,0.0,0.0,0.0,0.0,0,0,0,0
0.0,0.0,0.0,0.0,0.0,0.0,0.0,-1.1028188467025757,0.13594073057174683,-0.0,0.0,-1.851989507675171,0.0,0.0,0.0,0.0,-0.0,0.0,-0.0,0.0,0.0,0.5116387009620667,0.8527313470840454,0.8527313470840454,0.8527313470840454,0.8527313470840454,0.0,0.0,0.0,0.0,0.0,0,0,0,0
0.0,0.0,0.0,0.0,0.0,0.0,0.0,-1.1055219173431396,0.13627393543720245,-0.0,0.0,-1.8566172122955322,0.0,0.0,0.0,0.0,-0.0,0.0,-0.0,0.0,0.0,0.5128928422927856,0.8548215627670288,0.8548215627670288,0.8548215627670288,0.8548215627670288,0.0,0.0,0.0,0.0,0.0,0,0,0,0
0.0,0.0,0.0,0.0,0.0,0.0,0.0,-1.108084797859192,0.13658985495567322,-0.0,0.0,-1.8610105514526367,0.0,0.0,0.0,0.0,-0.0,0.0,-0.0,0.0,0.0,0.5140819549560547,0.856803297996521,0.856803297996521,0.856803297996521,0.856803297996521,0.0,0.0,0.0,0.0,0.0,0,0,0,0
0.0,0.0,0.0,0.0,0.0,0.0,0.0,-1.1105053424835205,0.13688820600509644,-0.0,0.0,-1.8651673793792725,0.0,0.0,0.0,0.0,-0.0,0.0,-0.0,0.0,0.0,0.515204906463623,0.8586746454238892,0.8586746454238892,0.8586746454238892,0.8586746454238892,0.0,0.0,0.0,0.0,0.0,0,0,0,0
0.0,0.0,0.0,0.0,0.0,0.0,0.0,-1.1127820014953613,0.13716885447502136,-0.0,0.0,-1.869084358215332,0.0,0.0,0.0,0.0,-0.0,0.0,-0.0,0.0,0.0,0.516261100769043,0.8604350090026855,0.8604350090026855,0.8604350090026855,0.8604350090026855,0.0,0.0,0.0,0.0,0.0,0,0,0,0
0.0,0.0,0.0,0.0,0.0,0.0,0.0,-1.1149131059646606,0.1374315619468689,-0.0,0.0,-1.8727588653564453,0.0,0.0,0.0,0.0,-0.0,0.0,-0.0,0.0,0.0,0.5172497630119324,0.862082839012146,0.862082839012146,0.862082839012146,0.862082839012146,0.0,0.0,0.0,0.0,0.0,0,0,0,0
0.0,0.0,0.0,0.0,0.0,0.0,0.0,-1.1168969869613647,0.13767609000205994,-0.0,0.0,-1.876188039779663,0.0,0.0,0.0,0.0,-0.0,0.0,-0.0,0.0,0.0,0.5181701183319092,0.863616943359375,0.863616943359375,0.863616943359375,0.863616943359375,0.0,0.0,0.0,0.0,0.0,0,0,0,0
0.0,0.0,0.0,0.0,0.0,0.0,0.0,-1.1187316179275513,0.13790225982666016,-0.0,0.0,-1.8793690204620361,0.0,0.0,0.0,0.0,-0.0,0.0,-0.0,0.0,0.0,0.5190213322639465,0.8650355339050293,0.8650355339050293,0.8650355339050293,0.8650355339050293,0.0,0.0,0.0,0.0,0.0,0,0,0,0
0.0,0.0,0.0,0.0,0.0,0.0,0.0,-1.1204158067703247,0.13810986280441284,-0.0,0.0,-1.8822991847991943,0.0,0.0,0.0,0.0,-0.0,0.0,-0.0,0.0,0.0,0.5198026895523071,0.866337776184082,0.866337776184082,0.866337776184082,0.866337776184082,0.0,0.0,0.0,0.0,0.0,0,0,0,0
0.0,0.0,0.0,0.0,0.0,0.0,0.0,-1.1219475269317627,0.13829867541790009,-0.0,0.0,-1.8849756717681885,0.0,0.0,0.0,0.0,-0.0,0.0,-0.0,0.0,0.0,0.5205133557319641,0.8675222396850586,0.8675222396850586,0.8675222396850586,0.8675222396850586,0.0,0.0,0.0,0.0,0.0,0,0,0,0
0.0,0.0,0.0,0.0,0.0,0.0,0.0,-1.1233253479003906,0.13846851885318756,-0.0,0.0,-1.8873953819274902,0.0,0.0,0.0,0.0,-0.0,0.0,-0.0,0.0,0.0,0.5211525559425354,0.8685876131057739,0.8685876131057739,0.8685876131057739,0.8685876131057739,0.0,0.0,0.0,0.0,0.0,0,0,0,0
0.0,0.0,0.0,0.0,0.0,0.0,0.0,-1.1245474815368652,0.13861912488937378,-0.0,0.0,-1.8895552158355713,0.0,0.0,0.0,0.0,-0.0,0.0,-0.0,0.0,0.0,0.5217194557189941,0.869532585144043,0.869532585144043,0.869532585144043,0.869532585144043,0.0,0.0,0.0,0.0,0.0,0,0,0,0
0.0,0.0,0.0,0.0,0.0,0.0,0.0,-1.1256117820739746,0.1387503743171692,-0.0,0.0,-1.8914530277252197,0.0,0.0,0.0,0.0,-0.0,0.0,-0.0,0.0,0.0,0.522213339805603,0.870355486869812,0.870355486869812,0.870355486869812,0.870355486869812,0.0,0.0,0.0,0.0,0.0,0,0,0,0
0.0,0.0,0.0,0.0,0.0,0.0,0.0,-1.1265172958374023,0.13886195421218872,-0.0,0.0,-1.8930857181549072,0.0,0.0,0.0,0.0,-0.0,0.0,-0.0,0.0,0.0,0.5226334929466248,0.8710556030273438,0.8710556030273438,0.8710556030273438,0.8710556030273438,0.0,0.0,0.0,0.0,0.0,0,0,0,0
0.0,0.0,0.0,0.0,0.0,0.0,0.0,-1.1272618770599365,0.13895374536514282,-0.0,0.0,-1.8944501876831055,0.0,0.0,0.0,0.0,-0.0,0.0,-0.0,0.0,0.0,0.5229788422584534,0.871631383895874,0.871631383895874,0.871631383895874,0.871631383895874,0.0,0.0,0.0,0.0,0.0,0,0,0,0
0.0,0.0,0.0,0.0,0.0,0.0,0.0,-1.1278440952301025,0.1390255093574524,-0.0,0.0,-1.8955442905426025,0.0,0.0,0.0,0.0,-0.0,0.0,-0.0,0.0,0.0,0.5232489109039307,0.8720815181732178,0.8720815181732178,0.8720815181732178,0.8720815181732178,0.0,0.0,0.0,0.0,0.0,0,0,0,0
0.0,0.0,0.0,0.0,0.0,0.0,0.0,-1.1282620429992676,0.13907697796821594,-0.0,0.0,-1.8963642120361328,0.0,0.0,0.0,0.0,-0.0,0.0,-0.0,0.0,0.0,0.5234427452087402,0.8724045753479004,0.8724045753479004,0.8724045753479004,0.8724045753479004,0.0,0.0,0.0,0.0,0.0,0,0,0,0
0.0,0.0,0.0,0.0,0.0,0.0,0.0,-1.1285138130187988,0.1391080617904663,-0.0,0.0,-1.8969080448150635,0.0,0.0,0.0,0.0,-0.0,0.0,-0.0,0.0,0.0,0.5235595703125,0.8725994825363159,0.8725994825363159,0.8725994825363159,0.8725994825363159,0.0,0.0,0.0,0.0,0.0,0,0,0,0
0.0,0.0,0.0,0.0,0.0,0.0,0.0,-1.1285980939865112,0.13911846280097961,-0.0,0.0,-1.8971729278564453,0.0,0.0,0.0,0.0,-0.0,0.0,-0.0,0.0,0.0,0.5235987901687622,0.8726646304130554,0.8726646304130554,0.8726646304130554,0.8726646304130554,0.0,0.0,0.0,0.0,0.0,0,0,0,0
0.0,0.0,0.0,0.0,0.0,0.0,0.0,-1.1283891201019287,0.13909269869327545,-0.0,0.0,-1.8972959518432617,0.0,0.0,0.0,0.0,-0.0,0.0,-0.0,0.0,0.0,0.5235987901687622,0.8726646304130554,0.8726646304130554,0.8726646304130554,0.8726646304130554,0.0,0.0,0.0,0.0,0.0,0,0,0,0
0.0,0.0,0.0,0.0,0.0,0.0,0.0,-1.1277666091918945,0.13901597261428833,-0.0,0.0,-1.8974170684814453,0.0,0.0,0.0,0.0,-0.0,0.0,-0.0,0.0,0.0,0.5235987901687622,0.8726646304130554,0.8726646304130554,0.8726646304130554,0.8726646304130554,0.0,0.0,0.0,0.0,0.0,0,0,0,0
0.0,0.0,0.0,0.0,0.0,0.0,0.0,-1.1267372369766235,0.13888908922672272,-0.0,0.0,-1.897536277770996,0.0,0.0,0.0,0.0,-0.0,0.0,-0.0,0.0,0.0,0.5235987901687622,0.8726646304130554,0.8726646304130554,0.8726646304130554,0.8726646304130554,0.0,0.0,0.0,0.0,0.0,0,0,0,0
0.0,0.0,0.0,0.0,0.0,0.0,0.0,-1.1253077983856201,0.13871286809444427,-0.0,0.0,-1.8976534605026245,0.0,0.0,0.0,0.0,-0.0,0.0,-0.0,0.0,0.0,0.5235987901687622,0.8726646304130554,0.8726646304130554,0.8726646304130554,0.8726646304130554,0.0,0.0,0.0,0.0,0.0,0,0,0,0
0.0,0.0,0.0,0.0,0.0,0.0,0.0,-1.123484492301941,0.13848812878131866,-0.0,0.0,-1.8977688550949097,0.0,0.0,0.0,0.0,-0.0,0.0,-0.0,0.0,0.0,0.5235987901687622,0.8726646304130554,0.8726646304130554,0.8726646304130554,0.8726646304130554,0.0,0.0,0.0,0.0,0.0,0,0,0,0
0.0,0.0,0.0,0.0,0.0,0.0,0.0,-1.1212743520736694,0.13821570575237274,-0.0,0.0,-1.897882342338562,0.0,0.0,0.0,0.0,-0.0,0.0,-0.0,0.0,0.0,0.5235987901687622,0.8726646304130554,0.8726646304130554,0.8726646304130554,0.8726646304130554,0.0,0.0,0.0,0.0,0.0,0,0,0,0
0.0,0.0,0.0,0.0,0.0,0.0,0.0,-1.118683934211731,0.1378963738679886,-0.0,0.0,-1.8979939222335815,0.0,0.0,0.0,0.0,-0.0,0.0,-0.0,0.0,0.0,0.5235987901687622,0.8726646304130554,0.8726646304130554,0.8726646304130554,0.8726646304130554,0.0,0.0,0.0,0.0,0.0,0,0,0,0
0.0,0.0,0.0,0.0,0.0,0.0,0.0,-1.1157197952270508,0.13753099739551544,-0.0,0.0,-1.8981035947799683,0.0,0.0,0.0,0.0,-0.0,0.0,-0.0,0.0,0.0,0.5235987901687622,0.8726646304130554,0.8726646304130554,0.8726646304130554,0.8726646304130554,0.0,0.0,0.0,0.0,0.0,0,0,0,0
0.0,0.0,0.0,0.0,0.0,0.0,0.0,-1.1123884916305542,0.1371203511953354,-0.0,0.0,-1.8982115983963013,0.0,0.0,0.0,0.0,-0.0,0.0,-0.0,0.0,0.0,0.5235987901687622,0.8726646304130554,0.8726646304130554,0.8726646304130554,0.8726646304130554,0.0,0.0,0.0,0.0,0.0,0,0,0,0
0.0,0.0,0.0,0.0,0.0,0.0,0.0,-1.1086968183517456,0.13666529953479767,-0.0,0.0,-1.898317813873291,0.0,0.0,0.0,0.0,-0.0,0.0,-0.0,0.0,0.0,0.5235987901687622,0.8726646304130554,0.8726646304130554,0.8726646304130554,0.8726646304130554,0.0,0.0,0.0,0.0,0.0,0,0,0,0
0.0,0.0,0.0,0.0,0.0,0.0,0.0,-1.1046514511108398,0.13616663217544556,-0.0,0.0,-1.8984220027923584,0.0,0.0,0.0,0.0,-0.0,0.0,-0.0,0.0,0.0,0.5235987901687622,0.8726646304130554,0.8726646304130554,0.8726646304130554,0.8726646304130554,0.0,0.0,0.0,0.0,0.0,0,0,0,0
0.0,0.0,0.0,0.0,0.0,0.0,0.0,-1.1002588272094727,0.13562515377998352,-0.0,0.0,-1.8985244035720825,0.0,0.0,0.0,0.0,-0.0,0.0,-0.0,0.0,0.0,0.5235987901687622,0.8726646304130554,0.8726646304130554,0.8726646304130554,0.8726646304130554,0.0,0.0,0.0,0.0,0.0,0,0,0,0
0.0,0.0,0.0,0.0,0.0,0.0,0.0,-1.0955253839492798,0.1350417137145996,-0.0,0.0,-1.898625135421753,0.0,0.0,0.0,0.0,-0.0,0.0,-0.0,0.0,0.0,0.5235987901687622,0.8726646304130554,0.8726646304130554,0.8726646304130554,0.8726646304130554,0.0,0.0,0.0,0.0,0.0,0,0,0,0
0.0,0.0,0.0,0.0,0.0,0.0,0.0,-1.0904585123062134,0.13441713154315948,-0.0,0.0,-1.8987241983413696,0.0,0.0,0.0,0.0,-0.0,0.0,-0.0,0.0,0.0,0.5235987901687622,0.8726646304130554,0.8726646304130554,0.8726646304130554,0.8726646304130554,0.0,0.0,0.0,0.0,0.0,0,0,0,0
0.0,0.0,0.0,0.0,0.0,0.0,0.0,-1.0850640535354614,0.13375218212604523,-0.0,0.0,-1.898821473121643,0.0,0.0,0.0,0.0,-0.0,0.0,-0.0,0.0,0.0,0.5235987901687622,0.8726646304130554,0.8726646304130554,0.8726646304130554,0.8726646304130554,0.0,0.0,0.0,0.0,0.0,0,0,0,0
0.0,0.0,0.0,0.0,0.0,0.0,0.0,-1.0793490409851074,0.1330476999282837,-0.0,0.0,-1.8989170789718628,0.0,0.0,0.0,0.0,-0.0,0.0,-0.0,0.0,0.0,0.5235987901687622,0.8726646304130554,0.8726646304130554,0.8726646304130554,0.8726646304130554,0.0,0.0,0.0,0.0,0.0,0,0,0,0
0.0,0.0,0.0,0.0,0.0,0.0,0.0,-1.0733201503753662,0.13230453431606293,-0.0,0.0,-1.8990107774734497,0.0,0.0,0.0,0.0,-0.0,0.0,-0.0,0.0,0.0,0.5235987901687622,0.8726646304130554,0.8726646304130554,0.8726646304130554,0.8726646304130554,0.0,0.0,0.0,0.0,0.0,0,0,0,0
0.0,0.0,0.0,0.0,0.0,0.0,0.0,-1.0669838190078735,0.1315234750509262,-0.0,0.0,-1.8991029262542725,0.0,0.0,0.0,0.0,-0.0,0.0,-0.0,0.0,0.0,0.5235987901687622,0.8726646304130554,0.8726646304130554,0.8726646304130554,0.8726646304130554,0.0,0.0,0.0,0.0,0.0,0,0,0,0
0.0,0.0,0.0,0.0,0.0,0.0,0.0,-1.0603468418121338,0.13070537149906158,-0.0,0.0,-1.899193286895752,0.0,0.0,0.0,0.0,-0.0,0.0,-0.0,0.0,0.0,0.5235987901687622,0.8726646304130554,0.8726646304130554,0.8726646304130554,0.8726646304130554,0.0,0.0,0.0,0.0,0.0,0,0,0,0
0.0,0.0,0.0,0.0,0.0,0.0,0.0,-1.0534155368804932,0.12985096871852875,-0.0,0.0,-1.8992820978164673,0.0,0.0,0.0,0.0,-0.0,0.0,-0.0,0.0,0.0,0.5235987901687622,0.8726646304130554,0.8726646304130554,0.8726646304130554,0.8726646304130554,0.0,0.0,0.0,0.0,0.0,0,0,0,0
0.0,0.0,0.0,0.0,0.0,0.0,0.0,-1.0461969375610352,0.12896114587783813,-0.0,0.0,-1.8993691205978394,0.0,0.0,0.0,0.0,-0.0,0.0,-0.0,0.0,0.0,0.5235987901687622,0.8726646304130554,0.8726646304130554,0.8726646304130554,0.8726646304130554,0.0,0.0,0.0,0.0,0.0,0,0,0,0
0.0,0.0,0.0,0.0,0.0,0.0,0.0,-1.038697600364685,0.1280367225408554,-0.0,0.0,-1.8994547128677368,0.0,0.0,0.0,0.0,-0.0,0.0,-0.0,0.0,0.0,0.5235987901687622,0.8726646304130554,0.8726646304130554,0.8726646304130554,0.8726646304130554,0.0,0.0,0.0,0.0,0.0,0,0,0,0
0.0,0.0,0.0,0.0,0.0,0.0,0.0,-1.030923843383789,0.12707848846912384,-0.0,0.0,-1.8995386362075806,0.0,0.0,0.0,0.0,-0.0,0.0,-0.0,0.0,0.0,0.5235987901687622,0.8726646304130554,0.8726646304130554,0.8726646304130554,0.8726646304130554,0.0,0.0,0.0,0.0,0.0,0,0,0,0
0.0,0.0,0.0,0.0,0.0,0.0,0.0,-1.0228826999664307,0.1260872781276703,-0.0,0.0,-1.8996208906173706,0.0,0.0,0.0,0.0,-0.0,0.0,-0.0,0.0,0.0,0.5235987901687622,0.8726646304130554,0.8726646304130554,0.8726646304130554,0.8726646304130554,0.0,0.0,0.0,0.0,0.0,0,0,0,0
0.0,0.0,0.0,0.0,0.0,0.0,0.0,-1.014580488204956,0.12506389617919922,-0.0,0.0,-1.899701476097107,0.0,0.0,0.0,0.0,-0.0,0.0,-0.0,0.0,0.0,0.5235987901687622,0.8726646304130554,0.8726646304130554,0.8726646304130554,0.8726646304130554,0.0,0.0,0.0,0.0,0.0,0,0,0,0
0.0,0.0,0.0,0.0,0.0,0.0,0.0,-1.0060240030288696,0.1240091621875763,-0.0,0.0,-1.8997806310653687,0.0,0.0,0.0,0.0,-0.0,0.0,-0.0,0.0,0.0,0.5235987901687622,0.8726646304130554,0.8726646304130554,0.8726646304130554,0.8726646304130554,0.0,0.0,0.0,0.0,0.0,0,0,0,0
0.0,0.0,0.0,0.0,0.0,0.0,0.0,-0.997219979763031,0.12292393296957016,-0.0,0.0,-1.8998581171035767,0.0,0.0,0.0,0.0,-0.0,0.0,-0.0,0.0,0.0,0.5235987901687622,0.8726646304130554,0.8726646304130554,0.8726646304130554,0.8726646304130554,0.0,0.0,0.0,0.0,0.0,0,0,0,0
0.0,0.0,0.0,0.0,0.0,0.0,0.0,-0.9881747961044312,0.1218089610338211,-0.0,0.0,-1.8999340534210205,0.0,0.0,0.0,0.0,-0.0,0.0,-0.0,0.0,0.0,0.5235987901687622,0.8726646304130554,0.8726646304130554,0.8726646304130554,0.8726646304130554,0.0,0.0,0.0,0.0,0.0,0,0,0,0
0.0,0.0,0.0,0.0,0.0,0.0,0.0,-0.978895366191864,0.12066511809825897,-0.0,0.0,-1.9000085592269897,0.0,0.0,0.0,0.0,-0.0,0.0,-0.0,0.0,0.0,0.5235987901687622,0.8726646304130554,0.8726646304130554,0.8726646304130554,0.8726646304130554,0.0,0.0,0.0,0.0,0.0,0,0,0,0
0.0,0.0,0.0,0.0,0.0,0.0,0.0,-0.9693880677223206,0.11949317902326584,-0.0,0.0,-1.900081753730774,0.0,0.0,0.0,0.0,-0.0,0.0,-0.0,0.0,0.0,0.5235987901687622,0.8726646304130554,0.8726646304130554,0.8726646304130554,0.8726646304130554,0.0,0.0,0.0,0.0,0.0,0,0,0,0
0.0,0.0,0.0,0.0,0.0,0.0,0.0,-0.9596595168113708,0.11829398572444916,-0.0,0.0,-1.9001531600952148,0.0,0.0,0.0,0.0,-0.0,0.0,-0.0,0.0,0.0,0.5235987901687622,0.8726646304130554,0.8726646304130554,0.8726646304130554,0.8726646304130554,0.0,0.0,0.0,0.0,0.0,0,0,0,0
0.0,0.0,0.0,0.0,0.0,0.0,0.0,-0.9497168660163879,0.11706838011741638,-0.0,0.0,-1.9002230167388916,0.0,0.0,0.0,0.0,-0.0,0.0,-0.0,0.0,0.0,0.5235987901687622,0.8726646304130554,0.8726646304130554,0.8726646304130554,0.8726646304130554,0.0,0.0,0.0,0.0,0.0,0,0,0,0
0.0,0.0,0.0,0.0,0.0,0.0,0.0,-0.939565896987915,0.1158171072602272,-0.0,0.0,-1.9002918004989624,0.0,0.0,0.0,0.0,-0.0,0.0,-0.0,0.0,0.0,0.5235987901687622,0.8726646304130554,0.8726646304130554,0.8726646304130554,0.8726646304130554,0.0,0.0,0.0,0.0,0.0,0,0,0,0
0.0,0.0,0.0,0.0,0.0,0.0,0.0,-0.9292141199111938,0.11454108357429504,-0.0,0.0,-1.9003586769104004,0.0,0.0,0.0,0.0,-0.0,0.0,-0.0,0.0,0.0,0.5235987901687622,0.8726646304130554,0.8726646304130554,0.8726646304130554,0.8726646304130554,0.0,0.0,0.0,0.0,0.0,0,0,0,0
0.0,0.0,0.0,0.0,0.0,0.0,0.0,-0.9186674356460571,0.11324102431535721,-0.0,0.0,-1.9004244804382324,0.0,0.0,0.0,0.0,-0.0,0.0,-0.0,0.0,0.0,0.5235987901687622,0.8726646304130554,0.8726646304130554,0.8726646304130554,0.8726646304130554,0.0,0.0,0.0,0.0,0.0,0,0,0,0
0.0,0.0,0.0,0.0,0.0,0.0,0.0,-0.9079328775405884,0.11191780865192413,-0.0,0.0,-1.9004886150360107,0.0,0.0,0.0,0.0,-0.0,0.0,-0.0,0.0,0.0,0.5235987901687622,0.8726646304130554,0.8726646304130554,0.8726646304130554,0.8726646304130554,0.0,0.0,0.0,0.0,0.0,0,0,0,0
0.0,0.0,0.0,0.0,0.0,0.0,0.0,-0.8970171809196472,0.11057227849960327,-0.0,0.0,-1.9005515575408936,0.0,0.0,0.0,0.0,-0.0,0.0,-0.0,0.0,0.0,0.5235987901687622,0.8726646304130554,0.8726646304130554,0.8726646304130554,0.8726646304130554,0.0,0.0,0.0,0.0,0.0,0,0,0,0
0.0,0.0,0.0,0.0,0.0,0.0,0.0,-0.8859265446662903,0.10920517146587372,-0.0,0.0,-1.9006129503250122,0.0,0.0,0.0,0.0,-0.0,0.0,-0.0,0.0,0.0,0.5235987901687622,0.8726646304130554,0.8726646304130554,0.8726646304130554,0.8726646304130554,0.0,0.0,0.0,0.0,0.0,0,0,0,0
0.0,0.0,0.0,0.0,0.0,0.0,0.0,-0.8746681213378906,0.1078173816204071,-0.0,0.0,-1.9006730318069458,0.0,0.0,0.0,0.0,-0.0,0.0,-0.0,0.0,0.0,0.5235987901687622,0.8726646304130554,0.8726646304130554,0.8726646304130554,0.8726646304130554,0.0,0.0,0.0,0.0,0.0,0,0,0,0
0.0,0.0,0.0,0.0,0.0,0.0,0.0,-0.8632479906082153,0.10640966892242432,-0.0,0.0,-1.9007316827774048,0.0,0.0,0.0,0.0,-0.0,0.0,-0.0,0.0,0.0,0.5235987901687622,0.8726646304130554,0.8726646304130554,0.8726646304130554,0.8726646304130554,0.0,0.0,0.0,0.0,0.0,0,0,0,0
0.0,0.0,0.0,0.0,0.0,0.0,0.0,-0.8516731262207031,0.10498286783695221,-0.0,0.0,-1.9007892608642578,0.0,0.0,0.0,0.0,-0.0,0.0,-0.0,0.0,0.0,0.5235987901687622,0.8726646304130554,0.8726646304130554,0.8726646304130554,0.8726646304130554,0.0,0.0,0.0,0.0,0.0,0,0,0,0
0.0,0.0,0.0,0.0,0.0,0.0,0.0,-0.8399503827095032,0.10353784263134003,-0.0,0.0,-1.9008451700210571,0.0,0.0,0.0,0.0,-0.0,0.0,-0.0,0.0,0.0,0.5235987901687622,0.8726646304130554,0.8726646304130554,0.8726646304130554,0.8726646304130554,0.0,0.0,0.0,0.0,0.0,0,0,0,0
0.0,0.0,0.0,0.0,0.0,0.0,0.0,-0.8280858397483826,0.10207533091306686,-0.0,0.0,-1.900899887084961,0.0,0.0,0.0,0.0,-0.0,0.0,-0.0,0.0,0.0,0.5235987901687622,0.8726646304130554,0.8726646304130554,0.8726646304130554,0.8726646304130554,0.0,0.0,0.0,0.0,0.0,0,0,0,0
0.0,0.0,0.0,0.0,0.0,0.0,0.0,-0.8160865902900696,0.10059623420238495,-0.0,0.0,-1.9009532928466797,0.0,0.0,0.0,0.0,-0.0,0.0,-0.0,0.0,0.0,0.5235987901687622,0.8726646304130554,0.8726646304130554,0.8726646304130554,0.8726646304130554,0.0,0.0,0.0,0.0,0.0,0,0,0,0
0.0,0.0,0.0,0.0,0.0,0.0,0.0,-0.8039588332176208,0.09910129010677338,-0.0,0.0,-1.9010056257247925,0.0,0.0,0.0,0.0,-0.0,0.0,-0.0,0.0,0.0,0.5235987901687622,0.8726646304130554,0.8726646304130554,0.8726646304130554,0.8726646304130554,0.0,0.0,0.0,0.0,0.0,0,0,0,0
0.0,0.0,0.0,0.0,0.0,0.0,0.0,-0.7917095422744751,0.0975913554430008,-0.0,0.0,-1.9010565280914307,0.0,0.0,0.0,0.0,-0.0,0.0,-0.0,0.0,0.0,0.5235987901687622,0.8726646304130554,0.8726646304130554,0.8726646304130554,0.8726646304130554,0.0,0.0,0.0,0.0,0.0,0,0,0,0
0.0,0.0,0.0,0.0,0.0,0.0,0.0,-0.7793455719947815,0.09606729447841644,-0.0,0.0,-1.9011061191558838,0.0,0.0,0.0,0.0,-0.0,0.0,-0.0,0.0,0.0,0.5235987901687622,0.8726646304130554,0.8726646304130554,0.8726646304130554,0.8726646304130554,0.0,0.0,0.0,0.0,0.0,0,0,0,0
0.0,0.0,0.0,0.0,0.0,0.0,0.0,-0.7668728828430176,0.09452982991933823,-0.0,0.0,-1.9011545181274414,0.0,0.0,0.0,0.0,-0.0,0.0,-0.0,0.0,0.0,0.5235987901687622,0.8726646304130554,0.8726646304130554,0.8726646304130554,0.8726646304130554,0.0,0.0,0.0,0.0,0.0,0,0,0,0
0.0,0.0,0.0,0.0,0.0,0.0,0.0,-0.754298746585846,0.09297985583543777,-0.0,0.0,-1.9012019634246826,0.0,0.0,0.0,0.0,-0.0,0.0,-0.0,0.0,0.0,0.5235987901687622,0.8726646304130554,0.8726646304130554,0.8726646304130554,0.8726646304130554,0.0,0.0,0.0,0.0,0.0,0,0,0,0
0.0,0.0,0.0,0.0,0.0,0.0,0.0,-0.7416292428970337,0.09141813218593597,-0.0,0.0,-1.9012479782104492,0.0,0.0,0.0,0.0,-0.0,0.0,-0.0,0.0,0.0,0.5235987901687622,0.8726646304130554,0.8726646304130554,0.8726646304130554,0.8726646304130554,0.0,0.0,0.0,0.0,0.0,0,0,0,0
0.0,0.0,0.0,0.0,0.0,0.0,0.0,-0.7288712859153748,0.08984550088644028,-0.0,0.0,-1.9012926816940308,0.0,0.0,0.0,0.0,-0.0,0.0,-0.0,0.0,0.0,0.5235987901687622,0.8726646304130554,0.8726646304130554,0.8726646304130554,0.8726646304130554,0.0,0.0,0.0,0.0,0.0,0,0,0,0
0.0,0.0,0.0,0.0,0.0,0.0,0.0,-0.7160319089889526,0.08826284110546112,-0.0,0.0,-1.9013363122940063,0.0,0.0,0.0,0.0,-0.0,0.0,-0.0,0.0,0.0,0.5235987901687622,0.8726646304130554,0.8726646304130554,0.8726646304130554,0.8726646304130554,0.0,0.0,0.0,0.0,0.0,0,0,0,0
0.0,0.0,0.0,0.0,0.0,0.0,0.0,-0.7031169533729553,0.08667085319757462,-0.0,0.0,-1.9013789892196655,0.0,0.0,0.0,0.0,-0.0,0.0,-0.0,0.0,0.0,0.5235987901687622,0.8726646304130554,0.8726646304130554,0.8726646304130554,0.8726646304130554,0.0,0.0,0.0,0.0,0.0,0,0,0,0
0.0,0.0,0.0,0.0,0.0,0.0,0.0,-0.6901337504386902,0.08507046103477478,-0.0,0.0,-1.90142023563385,0.0,0.0,0.0,0.0,-0.0,0.0,-0.0,0.0,0.0,0.5235987901687622,0.8726646304130554,0.8726646304130554,0.8726646304130554,0.8726646304130554,0.0,0.0,0.0,0.0,0.0,0,0,0,0
0.0,0.0,0.0,0.0,0.0,0.0,0.0,-0.6770883798599243,0.08346240222454071,-0.0,0.0,-1.9014605283737183,0.0,0.0,0.0,0.0,-0.0,0.0,-0.0,0.0,0.0,0.5235987901687622,0.8726646304130554,0.8726646304130554,0.8726646304130554,0.8726646304130554,0.0,0.0,0.0,0.0,0.0,0,0,0,0
0.0,0.0,0.0,0.0,0.0,0.0,0.0,-0.6639876961708069,0.08184752613306046,-0.0,0.0,-1.9014995098114014,0.0,0.0,0.0,0.0,-0.0,0.0,-0.0,0.0,0.0,0.5235987901687622,0.8726646304130554,0.8726646304130554,0.8726646304130554,0.8726646304130554,0.0,0.0,0.0,0.0,0.0,0,0,0,0
0.0,0.0,0.0,0.0,0.0,0.0,0.0,-0.6508387327194214,0.08022669702768326,-0.0,0.0,-1.9015376567840576,0.0,0.0,0.0,0.0,-0.0,0.0,-0.0,0.0,0.0,0.5235987901687622,0.8726646304130554,0.8726646304130554,0.8726646304130554,0.8726646304130554,0.0,0.0,0.0,0.0,0.0,0,0,0,0
0.0,0.0,0.0,0.0,0.0,0.0,0.0,-0.6376473903656006,0.07860063761472702,-0.0,0.0,-1.901574730873108,0.0,0.0,0.0,0.0,-0.0,0.0,-0.0,0.0,0.0,0.5235987901687622,0.8726646304130554,0.8726646304130554,0.8726646304130554,0.8726646304130554,0.0,0.0,0.0,0.0,0.0,0,0,0,0
0.0,0.0,0.0,0.0,0.0,0.0,0.0,-0.6244209408760071,0.07697026431560516,-0.0,0.0,-1.9016106128692627,0.0,0.0,0.0,0.0,-0.0,0.0,-0.0,0.0,0.0,0.5235987901687622,0.8726646304130554,0.8726646304130554,0.8726646304130554,0.8726646304130554,0.0,0.0,0.0,0.0,0.0,0,0,0,0
0.0,0.0,0.0,0.0,0.0,0.0,0.0,-0.611165463924408,0.07533630728721619,-0.0,0.0,-1.9016454219818115,0.0,0.0,0.0,0.0,-0.0,0.0,-0.0,0.0,0.0,0.5235987901687622,0.8726646304130554,0.8726646304130554,0.8726646304130554,0.8726646304130554,0.0,0.0,0.0,0.0,0.0,0,0,0,0
0.0,0.0,0.0,0.0,0.0,0.0,0.0,-0.5978878736495972,0.07369962334632874,-0.0,0.0,-1.9016793966293335,0.0,0.0,0.0,0.0,-0.0,0.0,-0.0,0.0,0.0,0.5235987901687622,0.8726646304130554,0.8726646304130554,0.8726646304130554,0.8726646304130554,0.0,0.0,0.0,0.0,0.0,0,0,0,0
0.0,0.0,0.0,0.0,0.0,0.0,0.0,-0.5845952033996582,0.07206107676029205,-0.0,0.0,-1.90171217918396,0.0,0.0,0.0,0.0,-0.0,0.0,-0.0,0.0,0.0,0.5235987901687622,0.8726646304130554,0.8726646304130554,0.8726646304130554,0.8726646304130554,0.0,0.0,0.0,0.0,0.0,0,0,0,0
0.0,0.0,0.0,0.0,0.0,0.0,0.0,-0.5712932348251343,0.07042139768600464,-0.0,0.0,-1.9017438888549805,0.0,0.0,0.0,0.0,-0.0,0.0,-0.0,0.0,0.0,0.5235987901687622,0.8726646304130554,0.8726646304130554,0.8726646304130554,0.8726646304130554,0.0,0.0,0.0,0.0,0.0,0,0,0,0
0.0,0.0,0.0,0.0,0.0,0.0,0.0,-0.5579894781112671,0.06878148764371872,-0.0,0.0,-1.9017746448516846,0.0,0.0,0.0,0.0,-0.0,0.0,-0.0,0.0,0.0,0.5235987901687622,0.8726646304130554,0.8726646304130554,0.8726646304130554,0.8726646304130554,0.0,0.0,0.0,0.0,0.0,0,0,0,0
0.0,0.0,0.0,0.0,0.0,0.0,0.0,-0.5446897745132446,0.0671420693397522,-0.0,0.0,-1.9018046855926514,0.0,0.0,0.0,0.0,-0.0,0.0,-0.0,0.0,0.0,0.5235987901687622,0.8726646304130554,0.8726646304130554,0.8726646304130554,0.8726646304130554,0.0,0.0,0.0,0.0,0.0,0,0,0,0
0.0,0.0,0.0,0.0,0.0,0.0,0.0,-0.5314011573791504,0.0655040293931961,-0.0,0.0,-1.9018335342407227,0.0,0.0,0.0,0.0,-0.0,0.0,-0.0,0.0,0.0,0.5235987901687622,0.8726646304130554,0.8726646304130554,0.8726646304130554,0.8726646304130554,0.0,0.0,0.0,0.0,0.0,0,0,0,0
0.0,0.0,0.0,0.0,0.0,0.0,0.0,-0.5181305408477783,0.0638682022690773,-0.0,0.0,-1.901861548423767,0.0,0.0,0.0,0.0,-0.0,0.0,-0.0,0.0,0.0,0.5235987901687622,0.8726646304130554,0.8726646304130554,0.8726646304130554,0.8726646304130554,0.0,0.0,0.0,0.0,0.0,0,0,0,0
0.0,0.0,0.0,0.0,0.0,0.0,0.0,-0.504883885383606,0.062235333025455475,-0.0,0.0,-1.9018887281417847,0.0,0.0,0.0,0.0,-0.0,0.0,-0.0,0.0,0.0,0.5235987901687622,0.8726646304130554,0.8726646304130554,0.8726646304130554,0.8726646304130554,0.0,0.0,0.0,0.0,0.0,0,0,0,0
0.0,0.0,0.0,0.0,0.0,0.0,0.0,-0.49166855216026306,0.06060633435845375,-0.0,0.0,-1.9019148349761963,0.0,0.0,0.0,0.0,-0.0,0.0,-0.0,0.0,0.0,0.5235987901687622,0.8726646304130554,0.8726646304130554,0.8726646304130554,0.8726646304130554,0.0,0.0,0.0,0.0,0.0,0,0,0,0
0.0,0.0,0.0,0.0,0.0,0.0,0.0,-0.47849059104919434,0.05898192524909973,-0.0,0.0,-1.9019399881362915,0.0,0.0,0.0,0.0,-0.0,0.0,-0.0,0.0,0.0,0.5235987901687622,0.8726646304130554,0.8726646304130554,0.8726646304130554,0.8726646304130554,0.0,0.0,0.0,0.0,0.0,0,0,0,0
0.0,0.0,0.0,0.0,0.0,0.0,0.0,-0.46535658836364746,0.05736294761300087,-0.0,0.0,-1.9019643068313599,0.0,0.0,0.0,0.0,-0.0,0.0,-0.0,0.0,0.0,0.5235987901687622,0.8726646304130554,0.8726646304130554,0.8726646304130554,0.8726646304130554,0.0,0.0,0.0,0.0,0.0,0,0,0,0
0.0,0.0,0.0,0.0,0.0,0.0,0.0,-0.4522739052772522,0.0557502843439579,-0.0,0.0,-1.9019880294799805,0.0,0.0,0.0,0.0,-0.0,0.0,-0.0,0.0,0.0,0.5235987901687622,0.8726646304130554,0.8726646304130554,0.8726646304130554,0.8726646304130554,0.0,0.0,0.0,0.0,0.0,0,0,0,0
0.0,0.0,0.0,0.0,0.0,0.0,0.0,-0.4392484724521637,0.05414467677474022,-0.0,0.0,-1.9020105600357056,0.0,0.0,0.0,0.0,-0.0,0.0,-0.0,0.0,0.0,0.5235987901687622,0.8726646304130554,0.8726646304130554,0.8726646304130554,0.8726646304130554,0.0,0.0,0.0,0.0,0.0,0,0,0,0
0.0,0.0,0.0,0.0,0.0,0.0,0.0,-0.42628732323646545,0.052547015249729156,-0.0,0.0,-1.902032494544983,0.0,0.0,0.0,0.0,-0.0,0.0,-0.0,0.0,0.0,0.5235987901687622,0.8726646304130554,0.8726646304130554,0.8726646304130554,0.8726646304130554,0.0,0.0,0.0,0.0,0.0,0,0,0,0
0.0,0.0,0.0,0.0,0.0,0.0,0.0,-0.4133967161178589,0.05095802992582321,-0.0,0.0,-1.9020534753799438,0.0,0.0,0.0,0.0,-0.0,0.0,-0.0,0.0,0.0,0.5235987901687622,0.8726646304130554,0.8726646304130554,0.8726646304130554,0.8726646304130554,0.0,0.0,0.0,0.0,0.0,0,0,0,0
0.0,0.0,0.0,0.0,0.0,0.0,0.0,-0.4005835950374603,0.04937858507037163,-0.0,0.0,-1.9020737409591675,0.0,0.0,0.0,0.0,-0.0,0.0,-0.0,0.0,0.0,0.5235987901687622,0.8726646304130554,0.8726646304130554,0.8726646304130554,0.8726646304130554,0.0,0.0,0.0,0.0,0.0,0,0,0,0
0.0,0.0,0.0,0.0,0.0,0.0,0.0,-0.38785475492477417,0.04780954867601395,-0.0,0.0,-1.9020932912826538,0.0,0.0,0.0,0.0,-0.0,0.0,-0.0,0.0,0.0,0.5235987901687622,0.8726646304130554,0.8726646304130554,0.8726646304130554,0.8726646304130554,0.0,0.0,0.0,0.0,0.0,0,0,0,0
0.0,0.0,0.0,0.0,0.0,0.0,0.0,-0.3752163052558899,0.04625164717435837,-0.0,0.0,-1.9021118879318237,0.0,0.0,0.0,0.0,-0.0,0.0,-0.0,0.0,0.0,0.5235987901687622,0.8726646304130554,0.8726646304130554,0.8726646304130554,0.8726646304130554,0.0,0.0,0.0,0.0,0.0,0,0,0,0
0.0,0.0,0.0,0.0,0.0,0.0,0.0,-0.3626752495765686,0.044705770909786224,-0.0,0.0,-1.9021297693252563,0.0,0.0,0.0,0.0,-0.0,0.0,-0.0,0.0,0.0,0.5235987901687622,0.8726646304130554,0.8726646304130554,0.8726646304130554,0.8726646304130554,0.0,0.0,0.0,0.0,0.0,0,0,0,0
0.0,0.0,0.0,0.0,0.0,0.0,0.0,-0.35023796558380127,0.043172672390937805,-0.0,0.0,-1.9021470546722412,0.0,0.0,0.0,0.0,-0.0,0.0,-0.0,0.0,0.0,0.5235987901687622,0.8726646304130554,0.8726646304130554,0.8726646304130554,0.8726646304130554,0.0,0.0,0.0,0.0,0.0,0,0,0,0
0.0,0.0,0.0,0.0,0.0,0.0,0.0,-0.33791130781173706,0.041653186082839966,-0.0,0.0,-1.9021635055541992,0.0,0.0,0.0,0.0,-0.0,0.0,-0.0,0.0,0.0,0.5235987901687622,0.8726646304130554,0.8726646304130554,0.8726646304130554,0.8726646304130554,0.0,0.0,0.0,0.0,0.0,0,0,0,0
0.0,0.0,0.0,0.0,0.0,0.0,0.0,-0.3257019519805908,0.04014819115400314,-0.0,0.0,-1.90217924118042,0.0,0.0,0.0,0.0,-0.0,0.0,-0.0,0.0,0.0,0.5235987901687622,0.8726646304130554,0.8726646304130554,0.8726646304130554,0.8726646304130554,0.0,0.0,0.0,0.0,0.0,0,0,0,0
0.0,0.0,0.0,0.0,0.0,0.0,0.0,-0.3136163353919983,0.03865844011306763,-0.0,0.0,-1.9021942615509033,0.0,0.0,0.0,0.0,-0.0,0.0,-0.0,0.0,0.0,0.5235987901687622,0.8726646304130554,0.8726646304130554,0.8726646304130554,0.8726646304130554,0.0,0.0,0.0,0.0,0.0,0,0,0,0
0.0,0.0,0.0,0.0,0.0,0.0,0.0,-0.3016613721847534,0.037184782326221466,-0.0,0.0,-1.9022088050842285,0.0,0.0,0.0,0.0,-0.0,0.0,-0.0,0.0,0.0,0.5235987901687622,0.8726646304130554,0.8726646304130554,0.8726646304130554,0.8726646304130554,0.0,0.0,0.0,0.0,0.0,0,0,0,0
0.0,0.0,0.0,0.0,0.0,0.0,0.0,-0.28984320163726807,0.03572799265384674,-0.0,0.0,-1.9022223949432373,0.0,0.0,0.0,0.0,-0.0,0.0,-0.0,0.0,0.0,0.5235987901687622,0.8726646304130554,0.8726646304130554,0.8726646304130554,0.8726646304130554,0.0,0.0,0.0,0.0,0.0,0,0,0,0
0.0,0.0,0.0,0.0,0.0,0.0,0.0,-0.27816885709762573,0.03428894281387329,-0.0,0.0,-1.902235507965088,0.0,0.0,0.0,0.0,-0.0,0.0,-0.0,0.0,0.0,0.5235987901687622,0.8726646304130554,0.8726646304130554,0.8726646304130554,0.8726646304130554,0.0,0.0,0.0,0.0,0.0,0,0,0,0
0.0,0.0,0.0,0.0,0.0,0.0,0.0,-0.2666451334953308,0.03286844491958618,-0.0,0.0,-1.9022480249404907,0.0,0.0,0.0,0.0,-0.0,0.0,-0.0,0.0,0.0,0.5235987901687622,0.8726646304130554,0.8726646304130554,0.8726646304130554,0.8726646304130554,0.0,0.0,0.0,0.0,0.0,0,0,0,0
0.0,0.0,0.0,0.0,0.0,0.0,0.0,-0.2552780508995056,0.03146727383136749,-0.0,0.0,-1.9022599458694458,0.0,0.0,0.0,0.0,-0.0,0.0,-0.0,0.0,0.0,0.5235987901687622,0.8726646304130554,0.8726646304130554,0.8726646304130554,0.8726646304130554,0.0,0.0,0.0,0.0,0.0,0,0,0,0
0.0,0.0,0.0,0.0,0.0,0.0,0.0,-0.24407482147216797,0.030086301267147064,-0.0,0.0,-1.9022711515426636,0.0,0.0,0.0,0.0,-0.0,0.0,-0.0,0.0,0.0,0.5235987901687622,0.8726646304130554,0.8726646304130554,0.8726646304130554,0.8726646304130554,0.0,0.0,0.0,0.0,0.0,0,0,0,0
0.0,0.0,0.0,0.0,0.0,0.0,0.0,-0.23304182291030884,0.028726279735565186,-0.0,0.0,-1.9022817611694336,0.0,0.0,0.0,0.0,-0.0,0.0,-0.0,0.0,0.0,0.5235987901687622,0.8726646304130554,0.8726646304130554,0.8726646304130554,0.8726646304130554,0.0,0.0,0.0,0.0,0.0,0,0,0,0
0.0,0.0,0.0,0.0,0.0,0.0,0.0,-0.22218549251556396,0.027388066053390503,-0.0,0.0,-1.9022918939590454,0.0,0.0,0.0,0.0,-0.0,0.0,-0.0,0.0,0.0,0.5235987901687622,0.8726646304130554,0.8726646304130554,0.8726646304130554,0.8726646304130554,0.0,0.0,0.0,0.0,0.0,0,0,0,0
0.0,0.0,0.0,0.0,0.0,0.0,0.0,-0.2115129828453064,0.026072509586811066,-0.0,0.0,-1.902301549911499,0.0,0.0,0.0,0.0,-0.0,0.0,-0.0,0.0,0.0,0.5235987901687622,0.8726646304130554,0.8726646304130554,0.8726646304130554,0.8726646304130554,0.0,0.0,0.0,0.0,0.0,0,0,0,0
0.0,0.0,0.0,0.0,0.0,0.0,0.0,-0.20103049278259277,0.024780355393886566,-0.0,0.0,-1.9023106098175049,0.0,0.0,0.0,0.0,-0.0,0.0,-0.0,0.0,0.0,0.5235987901687622,0.8726646304130554,0.8726646304130554,0.8726646304130554,0.8726646304130554,0.0,0.0,0.0,0.0,0.0,0,0,0,0
0.0,0.0,0.0,0.0,0.0,0.0,0.0,-0.1907450556755066,0.02351251244544983,-0.0,0.0,-1.902319073677063,0.0,0.0,0.0,0.0,-0.0,0.0,-0.0,0.0,0.0,0.5235987901687622,0.8726646304130554,0.8726646304130554,0.8726646304130554,0.8726646304130554,0.0,0.0,0.0,0.0,0.0,0,0,0,0
0.0,0.0,0.0,0.0,0.0,0.0,0.0,-0.18066269159317017,0.02226969599723816,-0.0,0.0,-1.902327060699463,0.0,0.0,0.0,0.0,-0.0,0.0,-0.0,0.0,0.0,0.5235987901687622,0.8726646304130554,0.8726646304130554,0.8726646304130554,0.8726646304130554,0.0,0.0,0.0,0.0,0.0,0,0,0,0
0.0,0.0,0.0,0.0,0.0,0.0,0.0,-0.17079055309295654,0.021052785217761993,-0.0,0.0,-1.9023345708847046,0.0,0.0,0.0,0.0,-0.0,0.0,-0.0,0.0,0.0,0.5235987901687622,0.8726646304130554,0.8726646304130554,0.8726646304130554,0.8726646304130554,0.0,0.0,0.0,0.0,0.0,0,0,0,0
0.0,0.0,0.0,0.0,0.0,0.0,0.0,-0.16113519668579102,0.019862614572048187,-0.0,0.0,-1.902341604232788,0.0,0.0,0.0,0.0,-0.0,0.0,-0.0,0.0,0.0,0.5235987901687622,0.8726646304130554,0.8726646304130554,0.8726646304130554,0.8726646304130554,0.0,0.0,0.0,0.0,0.0,0,0,0,0
0.0,0.0,0.0,0.0,0.0,0.0,0.0,-0.151702880859375,0.018699929118156433,-0.0,0.0,-1.9023481607437134,0.0,0.0,0.0,0.0,-0.0,0.0,-0.0,0.0,0.0,0.5235987901687622,0.8726646304130554,0.8726646304130554,0.8726646304130554,0.8726646304130554,0.0,0.0,0.0,0.0,0.0,0,0,0,0
0.0,0.0,0.0,0.0,0.0,0.0,0.0,-0.1425011157989502,0.017565637826919556,-0.0,0.0,-1.90235435962677,0.0,0.0,0.0,0.0,-0.0,0.0,-0.0,0.0,0.0,0.5235987901687622,0.8726646304130554,0.8726646304130554,0.8726646304130554,0.8726646304130554,0.0,0.0,0.0,0.0,0.0,0,0,0,0
0.0,0.0,0.0,0.0,0.0,0.0,0.0,-0.13353562355041504,0.01646047830581665,-0.0,0.0,-1.902359962463379,0.0,0.0,0.0,0.0,-0.0,0.0,-0.0,0.0,0.0,0.5235987901687622,0.8726646304130554,0.8726646304130554,0.8726646304130554,0.8726646304130554,0.0,0.0,0.0,0.0,0.0,0,0,0,0
0.0,0.0,0.0,0.0,0.0,0.0,0.0,-0.12481307983398438,0.01538531482219696,-0.0,0.0,-1.9023653268814087,0.0,0.0,0.0,0.0,-0.0,0.0,-0.0,0.0,0.0,0.5235987901687622,0.8726646304130554,0.8726646304130554,0.8726646304130554,0.8726646304130554,0.0,0.0,0.0,0.0,0.0,0,0,0,0
0.0,0.0,0.0,0.0,0.0,0.0,0.0,-0.11634087562561035,0.014340966939926147,-0.0,0.0,-1.9023702144622803,0.0,0.0,0.0,0.0,-0.0,0.0,-0.0,0.0,0.0,0.5235987901687622,0.8726646304130554,0.8726646304130554,0.8726646304130554,0.8726646304130554,0.0,0.0,0.0,0.0,0.0,0,0,0,0
0.0,0.0,0.0,0.0,0.0,0.0,0.0,-0.1081247329711914,0.013328194618225098,-0.0,0.0,-1.9023747444152832,0.0,0.0,0.0,0.0,-0.0,0.0,-0.0,0.0,0.0,0.5235987901687622,0.8726646304130554,0.8726646304130554,0.8726646304130554,0.8726646304130554,0.0,0.0,0.0,0.0,0.0,0,0,0,0
0.0,0.0,0.0,0.0,0.0,0.0,0.0,-0.10017228126525879,0.012347906827926636,-0.0,0.0,-1.9023789167404175,0.0,0.0,0.0,0.0,-0.0,0.0,-0.0,0.0,0.0,0.5235987901687622,0.8726646304130554,0.8726646304130554,0.8726646304130554,0.8726646304130554,0.0,0.0,0.0,0.0,0.0,0,0,0,0
0.0,0.0,0.0,0.0,0.0,0.0,0.0,-0.09248900413513184,0.01140083372592926,-0.0,0.0,-1.902382731437683,0.0,0.0,0.0,0.0,-0.0,0.0,-0.0,0.0,0.0,0.5235987901687622,0.8726646304130554,0.8726646304130554,0.8726646304130554,0.8726646304130554,0.0,0.0,0.0,0.0,0.0,0,0,0,0
0.0,0.0,0.0,0.0,0.0,0.0,0.0,-0.08508241176605225,0.010487839579582214,-0.0,0.0,-1.9023860692977905,0.0,0.0,0.0,0.0,-0.0,0.0,-0.0,0.0,0.0,0.5235987901687622,0.8726646304130554,0.8726646304130554,0.8726646304130554,0.8726646304130554,0.0,0.0,0.0,0.0,0.0,0,0,0,0
0.0,0.0,0.0,0.0,0.0,0.0,0.0,-0.07795906066894531,0.009609758853912354,-0.0,0.0,-1.9023892879486084,0.0,0.0,0.0,0.0,-0.0,0.0,-0.0,0.0,0.0,0.5235987901687622,0.8726646304130554,0.8726646304130554,0.8726646304130554,0.8726646304130554,0.0,0.0,0.0,0.0,0.0,0,0,0,0
0.0,0.0,0.0,0.0,0.0,0.0,0.0,-0.07112503051757812,0.008767351508140564,-0.0,0.0,-1.9023921489715576,0.0,0.0,0.0,0.0,-0.0,0.0,-0.0,0.0,0.0,0.5235987901687622,0.8726646304130554,0.8726646304130554,0.8726646304130554,0.8726646304130554,0.0,0.0,0.0,0.0,0.0,0,0,0,0
0.0,0.0,0.0,0.0,0.0,0.0,0.0,-0.06458771228790283,0.00796152651309967,-0.0,0.0,-1.9023946523666382,0.0,0.0,0.0,0.0,-0.0,0.0,-0.0,0.0,0.0,0.5235987901687622,0.8726646304130554,0.8726646304130554,0.8726646304130554,0.8726646304130554,0.0,0.0,0.0,0.0,0.0,0,0,0,0
0.0,0.0,0.0,0.0,0.0,0.0,0.0,-0.05835294723510742,0.007192984223365784,-0.0,0.0,-1.9023969173431396,0.0,0.0,0.0,0.0,-0.0,0.0,-0.0,0.0,0.0,0.5235987901687622,0.8726646304130554,0.8726646304130554,0.8726646304130554,0.8726646304130554,0.0,0.0,0.0,0.0,0.0,0,0,0,0
0.0,0.0,0.0,0.0,0.0,0.0,0.0,-0.05242800712585449,0.006462618708610535,-0.0,0.0,-1.902398943901062,0.0,0.0,0.0,0.0,-0.0,0.0,-0.0,0.0,0.0,0.5235987901687622,0.8726646304130554,0.8726646304130554,0.8726646304130554,0.8726646304130554,0.0,0.0,0.0,0.0,0.0,0,0,0,0
0.0,0.0,0.0,0.0,0.0,0.0,0.0,-0.04681897163391113,0.005771249532699585,-0.0,0.0,-1.9024007320404053,0.0,0.0,0.0,0.0,-0.0,0.0,-0.0,0.0,0.0,0.5235987901687622,0.8726646304130554,0.8726646304130554,0.8726646304130554,0.8726646304130554,0.0,0.0,0.0,0.0,0.0,0,0,0,0
0.0,0.0,0.0,0.0,0.0,0.0,0.0,-0.04153323173522949,0.005119651556015015,-0.0,0.0,-1.9024022817611694,0.0,0.0,0.0,0.0,-0.0,0.0,-0.0,0.0,0.0,0.5235987901687622,0.8726646304130554,0.8726646304130554,0.8726646304130554,0.8726646304130554,0.0,0.0,0.0,0.0,0.0,0,0,0,0
0.0,0.0,0.0,0.0,0.0,0.0,0.0,-0.03657674789428711,0.004508703947067261,-0.0,0.0,-1.9024035930633545,0.0,0.0,0.0,0.0,-0.0,0.0,-0.0,0.0,0.0,0.5235987901687622,0.8726646304130554,0.8726646304130554,0.8726646304130554,0.8726646304130554,0.0,0.0,0.0,0.0,0.0,0,0,0,0
0.0,0.0,0.0,0.0,0.0,0.0,0.0,-0.03195619583129883,0.003939151763916016,-0.0,0.0,-1.90240478515625,0.0,0.0,0.0,0.0,-0.0,0.0,-0.0,0.0,0.0,0.5235987901687622,0.8726646304130554,0.8726646304130554,0.8726646304130554,0.8726646304130554,0.0,0.0,0.0,0.0,0.0,0,0,0,0
0.0,0.0,0.0,0.0,0.0,0.0,0.0,-0.027678489685058594,0.0034118294715881348,-0.0,0.0,-1.9024057388305664,0.0,0.0,0.0,0.0,-0.0,0.0,-0.0,0.0,0.0,0.5235987901687622,0.8726646304130554,0.8726646304130554,0.8726646304130554,0.8726646304130554,0.0,0.0,0.0,0.0,0.0,0,0,0,0
0.0,0.0,0.0,0.0,0.0,0.0,0.0,-0.02375030517578125,0.002927616238594055,-0.0,0.0,-1.9024064540863037,0.0,0.0,0.0,0.0,-0.0,0.0,-0.0,0.0,0.0,0.5235987901687622,0.8726646304130554,0.8726646304130554,0.8726646304130554,0.8726646304130554,0.0,0.0,0.0,0.0,0.0,0,0,0,0
0.0,0.0,0.0,0.0,0.0,0.0,0.0,-0.02017807960510254,0.002487272024154663,-0.0,0.0,-1.9024070501327515,0.0,0.0,0.0,0.0,-0.0,0.0,-0.0,0.0,0.0,0.5235987901687622,0.8726646304130554,0.8726646304130554,0.8726646304130554,0.8726646304130554,0.0,0.0,0.0,0.0,0.0,0,0,0,0
0.0,0.0,0.0,0.0,0.0,0.0,0.0,-0.016968369483947754,0.002091646194458008,-0.0,0.0,-1.9024077653884888,0.0,0.0,0.0,0.0,-0.0,0.0,-0.0,0.0,0.0,0.5235987901687622,0.8726646304130554,0.8726646304130554,0.8726646304130554,0.8726646304130554,0.0,0.0,0.0,0.0,0.0,0,0,0,0
0.0,0.0,0.0,0.0,0.0,0.0,0.0,-0.01412808895111084,0.0017415136098861694,-0.0,0.0,-1.9024081230163574,0.0,0.0,0.0,0.0,-0.0,0.0,-0.0,0.0,0.0,0.5235987901687622,0.8726646304130554,0.8726646304130554,0.8726646304130554,0.8726646304130554,0.0,0.0,0.0,0.0,0.0,0,0,0,0
0.0,0.0,0.0,0.0,0.0,0.0,0.0,-0.011663436889648438,0.0014377236366271973,-0.0,0.0,-1.9024083614349365,0.0,0.0,0.0,0.0,-0.0,0.0,-0.0,0.0,0.0,0.5235987901687622,0.8726646304130554,0.8726646304130554,0.8726646304130554,0.8726646304130554,0.0,0.0,0.0,0.0,0.0,0,0,0,0
0.0,0.0,0.0,0.0,0.0,0.0,0.0,-0.009581685066223145,0.0011811107397079468,-0.0,0.0,-1.902408480644226,0.0,0.0,0.0,0.0,-0.0,0.0,-0.0,0.0,0.0,0.5235987901687622,0.8726646304130554,0.8726646304130554,0.8726646304130554,0.8726646304130554,0.0,0.0,0.0,0.0,0.0,0,0,0,0
0.0,0.0,0.0,0.0,0.0,0.0,0.0,-0.0078887939453125,0.000972449779510498,-0.0,0.0,-1.9024087190628052,0.0,0.0,0.0,0.0,-0.0,0.0,-0.0,0.0,0.0,0.5235987901687622,0.8726646304130554,0.8726646304130554,0.8726646304130554,0.8726646304130554,0.0,0.0,0.0,0.0,0.0,0,0,0,0
0.0,0.0,0.0,0.0,0.0,0.0,0.0,-0.006592273712158203,0.0008125603199005127,-0.0,0.0,-1.9024088382720947,0.0,0.0,0.0,0.0,-0.0,0.0,-0.0,0.0,0.0,0.5235987901687622,0.8726646304130554,0.8726646304130554,0.8726646304130554,0.8726646304130554,0.0,0.0,0.0,0.0,0.0,0,0,0,0
0.0,0.0,0.0,0.0,0.0,0.0,0.0,-0.005697488784790039,0.0007023215293884277,-0.0,0.0,-1.9024088382720947,0.0,0.0,0.0,0.0,-0.0,0.0,-0.0,0.0,0.0,0.5235987901687622,0.8726646304130554,0.8726646304130554,0.8726646304130554,0.8726646304130554,0.0,0.0,0.0,0.0,0.0,0,0,0,0
0.0,0.0,0.0,0.0,0.0,0.0,0.0,-0.005212068557739258,0.0006425082683563232,-0.0,0.0,-1.9024087190628052,0.0,0.0,0.0,0.0,-0.0,0.0,-0.0,0.0,0.0,0.5235987901687622,0.8726646304130554,0.8726646304130554,0.8726646304130554,0.8726646304130554,0.0,0.0,0.0,0.0,0.0,0,0,0,0
0.0,0.0,0.0,0.0,0.0,0.0,0.0,-0.0051190853118896484,0.0006310343742370605,-0.0,0.0,-1.9024088382720947,0.0,0.0,0.0,0.0,-0.0,0.0,-0.0,0.0,0.0,0.5235987901687622,0.8726646304130554,0.8726646304130554,0.8726646304130554,0.8726646304130554,0.0,0.0,0.0,0.0,0.0,0,0,0,0
0.0,0.0,0.0,0.0,0.0,0.0,0.0,-0.0051190853118896484,0.0006310343742370605,-0.0,0.0,-1.9024088382720947,0.0,0.0,0.0,0.0,-0.0,0.0,-0.0,0.0,0.0,0.5235987901687622,0.8726646304130554,0.8726646304130554,0.8726646304130554,0.8726646304130554,0.0,0.0,0.0,0.0,0.0,0,0,0,0
0.0,0.0,0.0,0.0,0.0,0.0,0.0,-0.0051190853118896484,0.0006310343742370605,-0.0,0.0,-1.9024088382720947,0.0,0.0,0.0,0.0,-0.0,0.0,-0.0,0.0,0.0,0.5235987901687622,0.8726646304130554,0.8726646304130554,0.8726646304130554,0.8726646304130554,0.0,0.0,0.0,0.0,0.0,0,0,0,0
