0.0,0.0,0.0,0.0,0.0,0.0,0.0,0.0,0.0,-0.0,0.0,-0.7766715288162231,0.0,0.0,-1.0629055500030518,0.640535831451416,-0.0,0.0,-0.0,0.0,0.0,1.5707963705062866,2.6179938316345215,2.6179938316345215,2.6179938316345215,2.6179938316345215,1.5707963705062866,2.6005406379699707,2.6005406379699707,2.6005406379699707,2.6005406379699707,0,0,0,0
0.0,0.0,0.0,0.0,0.0,0.0,0.0,0.0,0.0,-0.0,0.0,-0.7766715288162231,0.0,0.0,-1.0629055500030518,0.640535831451416,-0.0,0.0,-0.0,0.0,0.0,1.5707963705062866,2.6179938316345215,2.6179938316345215,2.6179938316345215,2.6179938316345215,1.569746732711792,2.5988028049468994,2.5988028049468994,2.5988028049468994,2.5988028049468994,0,0,0,0
0.0,0.0,0.0,0.0,0.0,0.0,0.0,0.0,0.0,-0.0,0.0,-0.7766715288162231,0.0,0.0,-1.0629055500030518,0.640535831451416,-0.0,0.0,-0.0,0.0,0.0,1.5707963705062866,2.6179938316345215,2.6179938316345215,2.6179938316345215,2.6179938316345215,1.5666401386260986,2.5936596393585205,2.5936596393585205,2.5936596393585205,2.5936596393585205,0,0,0,0
0.0,0.0,0.0,0.0,0.0,0.0,0.0,0.0,0.0,-0.0,0.0,-0.7766715288162231,0.0,0.0,-1.0629055500030518,0.640535831451416,-0.0,0.0,-0.0,0.0,0.0,1.5707963705062866,2.6179938316345215,2.6179938316345215,2.6179938316345215,2.6179938316345215,1.5615400075912476,2.5852162837982178,2.5852162837982178,2.5852162837982178,2.5852162837982178,0,0,0,0
0.0,0.0,0.0,0.0,0.0,0.0,0.0,0.0,0.0,-0.0,0.0,-0.7766715288162231,0.0,0.0,-1.0629055500030518,0.640535831451416,-0.0,0.0,-0.0,0.0,0.0,1.5707963705062866,2.6179938316345215,2.6179938316345215,2.6179938316345215,2.6179938316345215,1.5545103549957275,2.573578119277954,2.573578119277954,2.573578119277954,2.573578119277954,0,0,0,0
0.0,0.0,0.0,0.0,0.0,0.0,0.0,0.0,0.0,-0.0,0.0,-0.7766715288162231,0.0,0.0,-1.0629055500030518,0.640535831451416,-0.0,0.0,-0.0,0.0,0.0,1.5707963705062866,2.6179938316345215,2.6179938316345215,2.6179938316345215,2.6179938316345215,1.5456146001815796,2.5588507652282715,2.5588507652282715,2.5588507652282715,2.5588507652282715,0,0,0,0
0.0,0.0,0.0,0.0,0.0,0.0,0.0,0.0,0.0,-0.0,0.0,-0.7766715288162231,0.0,0.0,-1.0629055500030518,0.640535831451416,-0.0,0.0,-0.0,0.0,0.0,1.5707963705062866,2.6179938316345215,2.6179938316345215,2.6179938316345215,2.6179938316345215,1.5349162817001343,2.5411391258239746,2.5411391258239746,2.5411391258239746,2.5411391258239746,0,0,0,0
0.0,0.0,0.0,0.0,0.0,0.0,0.0,0.0,0.0,-0.0,0.0,-0.7766715288162231,0.0,0.0,-1.0629055500030518,0.640535831451416,-0.0,0.0,-0.0,0.0,0.0,1.5707963705062866,2.6179938316345215,2.6179938316345215,2.6179938316345215,2.6179938316345215,1.5224791765213013,2.5205485820770264,2.5205485820770264,2.5205485820770264,2.5205485820770264,0,0,0,0
0.0,0.0,0.0,0.0,0.0,0.0,0.0,0.0,0.0,-0.0,0.0,-0.7766715288162231,0.0,0.0,-1.0629055500030518,0.640535831451416,-0.0,0.0,-0.0,0.0,0.0,1.5707963705062866,2.6179938316345215,2.6179938316345215,2.6179938316345215,2.6179938316345215,1.508366584777832,2.4971847534179688,2.4971847534179688,2.4971847534179688,2.4971847534179688,0,0,0,0
0.0,0.0,0.0,0.0,0.0,0.0,0.0,0.0,0.0,-0.0,0.0,-0.7766715288162231,0.0,0.0,-1.0629055500030518,0.640535831451416,-0.0,0.0,-0.0,0.0,0.0,1.5707963705062866,2.6179938316345215,2.6179938316345215,2.6179938316345215,2.6179938316345215,1.4926426410675049,2.4711527824401855,2.4711527824401855,2.4711527824401855,2.4711527824401855,0,0,0,0
0.0,0.0,0.0,0.0,0.0,0.0,0.0,0.0,0.0,-0.0,0.0,-0.7766715288162231,0.0,0.0,-1.0629055500030518,0.640535831451416,-0.0,0.0,-0.0,0.0,0.0,1.5707963705062866,2.6179938316345215,2.6179938316345215,2.6179938316345215,2.6179938316345215,1.4753705263137817,2.4425578117370605,2.4425578117370605,2.4425578117370605,2.4425578117370605,0,0,0,0
0.0,0.0,0.0,0.0,0.0,0.0,0.0,0.0,0.0,-0.0,0.0,-0.7766715288162231,0.0,0.0,-1.0629055500030518,0.640535831451416,-0.0,0.0,-0.0,0.0,0.0,1.5707963705062866,2.6179938316345215,2.6179938316345215,2.6179938316345215,2.6179938316345215,1.4566140174865723,2.4115052223205566,2.4115052223205566,2.4115052223205566,2.4115052223205566,0,0,0,0
0.0,0.0,0.0,0.0,0.0,0.0,0.0,0.0,0.0,-0.0,0.0,-0.7766715288162231,0.0,0.0,-1.0629055500030518,0.640535831451416,-0.0,0.0,-0.0,0.0,0.0,1.5707963705062866,2.6179938316345215,2.6179938316345215,2.6179938316345215,2.6179938316345215,1.4364367723464966,2.378100872039795,2.378100872039795,2.378100872039795,2.378100872039795,0,0,0,0
0.0,0.0,0.0,0.0,0.0,0.0,0.0,0.0,0.0,-0.0,0.0,-0.7766715288162231,0.0,0.0,-1.0629055500030518,0.640535831451416,-0.0,0.0,-0.0,0.0,0.0,1.5707963705062866,2.6179938316345215,2.6179938316345215,2.6179938316345215,2.6179938316345215,1.4149023294448853,2.342449426651001,2.342449426651001,2.342449426651001,2.342449426651001,0,0,0,0
0.0,0.0,0.0,0.0,0.0,0.0,0.0,0.0,0.0,-0.0,0.0,-0.7766715288162231,0.0,0.0,-1.0629055500030518,0.640535831451416,-0.0,0.0,-0.0,0.0,0.0,1.5707963705062866,2.6179938316345215,2.6179938316345215,2.6179938316345215,2.6179938316345215,1.3920743465423584,2.304656505584717,2.304656505584717,2.304656505584717,2.304656505584717,0,0,0,0
0.0,0.0,0.0,0.0,0.0,0.0,0.0,0.0,0.0,-0.0,0.0,-0.7766715288162231,0.0,0.0,-1.0629055500030518,0.640535831451416,-0.0,0.0,-0.0,0.0,0.0,1.5707963705062866,2.6179938316345215,2.6179938316345215,2.6179938316345215,2.6179938316345215,1.3680164813995361,2.264827251434326,2.264827251434326,2.264827251434326,2.264827251434326,0,0,0,0
0.0,0.0,0.0,0.0,0.0,0.0,0.0,0.0,0.0,-0.0,0.0,-0.7766715288162231,0.0,0.0,-1.0629055500030518,0.640535831451416,-0.0,0.0,-0.0,0.0,0.0,1.5707963705062866,2.6179938316345215,2.6179938316345215,2.6179938316345215,2.6179938316345215,1.3427921533584595,2.223066806793213,2.223066806793213,2.223066806793213,2.223066806793213,0,0,0,0
0.0,0.0,0.0,0.0,0.0,0.0,0.0,0.0,0.0,-0.0,0.0,-0.7766715288162231,0.0,0.0,-1.0629055500030518,0.640535831451416,-0.0,0.0,-0.0,0.0,0.0,1.5707963705062866,2.6179938316345215,2.6179938316345215,2.6179938316345215,2.6179938316345215,1.3164652585983276,2.179481267929077,2.179481267929077,2.179481267929077,2.179481267929077,0,0,0,0
0.0,0.0,0.0,0.0,0.0,0.0,0.0,0.0,0.0,-0.0,0.0,-0.7766715288162231,0.0,0.0,-1.0629055500030518,0.640535831451416,-0.0,0.0,-0.0,0.0,0.0,1.5707963705062866,2.6179938316345215,2.6179938316345215,2.6179938316345215,2.6179938316345215,1.2890992164611816,2.1341753005981445,2.1341753005981445,2.1341753005981445,2.1341753005981445,0,0,0,0
0.0,0.0,0.0,0.0,0.0,0.0,0.0,0.0,0.0,-0.0,0.0,-0.7766715288162231,0.0,0.0,-1.0629055500030518,0.640535831451416,-0.0,0.0,-0.0,0.0,0.0,1.5707963705062866,2.6179938316345215,2.6179938316345215,2.6179938316345215,2.6179938316345215,1.2607576847076416,2.087254524230957,2.087254524230957,2.087254524230957,2.087254524230957,0,0,0,0
0.0,0.0,0.0,0.0,0.0,0.0,0.0,0.0,0.0,-0.0,0.0,-0.7766715288162231,0.0,0.0,-1.0629055500030518,0.640535831451416,-0.0,0.0,-0.0,0.0,0.0,1.5707963705062866,2.6179938316345215,2.6179938316345215,2.6179938316345215,2.6179938316345215,1.2315044403076172,2.0388240814208984,2.0388240814208984,2.0388240814208984,2.0388240814208984,0,0,0,0
0.0,0.0,0.0,0.0,0.0,0.0,0.0,0.0,0.0,-0.0,0.0,-0.7766715288162231,0.0,0.0,-1.0629055500030518,0.640535831451416,-0.0,0.0,-0.0,0.0,0.0,1.5707963705062866,2.6179938316345215,2.6179938316345215,2.6179938316345215,2.6179938316345215,1.2014027833938599,1.9889891147613525,1.9889891147613525,1.9889891147613525,1.9889891147613525,0,0,0,0
0.0,0.0,0.0,0.0,0.0,0.0,0.0,0.0,0.0,-0.0,0.0,-0.7766715288162231,0.0,0.0,-1.0629055500030518,0.640535831451416,-0.0,0.0,-0.0,0.0,0.0,1.5707963705062866,2.6179938316345215,2.6179938316345215,2.6179938316345215,2.6179938316345215,1.1705166101455688,1.9378553628921509,1.9378553628921509,1.9378553628921509,1.9378553628921509,0,0,0,0
0.0,0.0,0.0,0.0,0.0,0.0,0.0,0.0,0.0,-0.0,0.0,-0.7766715288162231,0.0,0.0,-1.0629055500030518,0.640535831451416,-0.0,0.0,-0.0,0.0,0.0,1.5707963705062866,2.6179938316345215,2.6179938316345215,2.6179938316345215,2.6179938316345215,1.1389094591140747,1.8855278491973877,1.8855278491973877,1.8855278491973877,1.8855278491973877,0,0,0,0
0.0,0.0,0.0,0.0,0.0,0.0,0.0,0.0,0.0,-0.0,0.0,-0.7766715288162231,0.0,0.0,-1.0629055500030518,0.640535831451416,-0.0,0.0,-0.0,0.0,0.0,1.5707963705062866,2.6179938316345215,2.6179938316345215,2.6179938316345215,2.6179938316345215,1.106644868850708,1.8321120738983154,1.8321120738983154,1.8321120738983154,1.8321120738983154,0,0,0,0
0.0,0.0,0.0,0.0,0.0,0.0,0.0,0.0,0.0,-0.0,0.0,-0.7766715288162231,0.0,0.0,-1.0629055500030518,0.640535831451416,-0.0,0.0,-0.0,0.0,0.0,1.5707963705062866,2.6179938316345215,2.6179938316345215,2.6179938316345215,2.6179938316345215,1.0737866163253784,1.7777132987976074,1.7777132987976074,1.7777132987976074,1.7777132987976074,0,0,0,0
0.0,0.0,0.0,0.0,0.0,0.0,0.0,0.0,0.0,-0.0,0.0,-0.7766715288162231,0.0,0.0,-1.0629055500030518,0.640535831451416,-0.0,0.0,-0.0,0.0,0.0,1.5707963705062866,2.6179938316345215,2.6179938316345215,2.6179938316345215,2.6179938316345215,1.0403982400894165,1.7224369049072266,1.7224369049072266,1.7224369049072266,1.7224369049072266,0,0,0,0
0.0,0.0,0.0,0.0,0.0,0.0,0.0,0.0,0.0,-0.0,0.0,-0.7766715288162231,0.0,0.0,-1.0629055500030518,0.640535831451416,-0.0,0.0,-0.0,0.0,0.0,1.5707963705062866,2.6179938316345215,2.6179938316345215,2.6179938316345215,2.6179938316345215,1.0065431594848633,1.6663881540298462,1.6663881540298462,1.6663881540298462,1.6663881540298462,0,0,0,0
0.0,0.0,0.0,0.0,0.0,0.0,0.0,0.0,0.0,-0.0,0.0,-0.7766715288162231,0.0,0.0,-1.0629055500030518,0.640535831451416,-0.0,0.0,-0.0,0.0,0.0,1.5707963705062866,2.6179938316345215,2.6179938316345215,2.6179938316345215,2.6179938316345215,0.9722853899002075,1.6096724271774292,1.6096724271774292,1.6096724271774292,1.6096724271774292,0,0,0,0
0.0,0.0,0.0,0.0,0.0,0.0,0.0,0.0,0.0,-0.0,0.0,-0.7766715288162231,0.0,0.0,-1.0629055500030518,0.640535831451416,-0.0,0.0,-0.0,0.0,0.0,1.5707963705062866,2.6179938316345215,2.6179938316345215,2.6179938316345215,2.6179938316345215,0.9376881122589111,1.5523947477340698,1.5523947477340698,1.5523947477340698,1.5523947477340698,0,0,0,0
0.0,0.0,0.0,0.0,0.0,0.0,0.0,0.0,0.0,-0.0,0.0,-0.7766715288162231,0.0,0.0,-1.0629055500030518,0.640535831451416,-0.0,0.0,-0.0,0.0,0.0,1.5707963705062866,2.6179938316345215,2.6179938316345215,2.6179938316345215,2.6179938316345215,0.9028152823448181,1.49466073513031,1.49466073513031,1.49466073513031,1.49466073513031,0,0,0,0
0.0,0.0,0.0,0.0,0.0,0.0,0.0,0.0,0.0,-0.0,0.0,-0.7766715288162231,0.0,0.0,-1.0629055500030518,0.640535831451416,-0.0,0.0,-0.0,0.0,0.0,1.5707963705062866,2.6179938316345215,2.6179938316345215,2.6179938316345215,2.6179938316345215,0.8677303791046143,1.4365757703781128,1.4365757703781128,1.4365757703781128,1.4365757703781128,0,0,0,0
0.0,0.0,0.0,0.0,0.0,0.0,0.0,0.0,0.0,-0.0,0.0,-0.7766715288162231,0.0,0.0,-1.0629055500030518,0.640535831451416,-0.0,0.0,-0.0,0.0,0.0,1.5707963705062866,2.6179938316345215,2.6179938316345215,2.6179938316345215,2.6179938316345215,0.8324970006942749,1.3782448768615723,1.3782448768615723,1.3782448768615723,1.3782448768615723,0,0,0,0
0.0,0.0,0.0,0.0,0.0,0.0,0.0,0.0,0.0,-0.0,0.0,-0.7766715288162231,0.0,0.0,-1.0629055500030518,0.640535831451416,-0.0,0.0,-0.0,0.0,0.0,1.5707963705062866,2.6179938316345215,2.6179938316345215,2.6179938316345215,2.6179938316345215,0.7971789240837097,1.3197739124298096,1.3197739124298096,1.3197739124298096,1.3197739124298096,0,0,0,0
0.0,0.0,0.0,0.0,0.0,0.0,0.0,0.0,0.0,-0.0,0.0,-0.7766715288162231,0.0,0.0,-1.0629055500030518,0.640535831451416,-0.0,0.0,-0.0,0.0,0.0,1.5707963705062866,2.6179938316345215,2.6179938316345215,2.6179938316345215,2.6179938316345215,0.7618394494056702,1.2612674236297607,1.2612674236297607,1.2612674236297607,1.2612674236297607,0,0,0,0
0.0,0.0,0.0,0.0,0.0,0.0,0.0,0.0,0.0,-0.0,0.0,-0.7766715288162231,0.0,0.0,-1.0629055500030518,0.640535831451416,-0.0,0.0,-0.0,0.0,0.0,1.5707963705062866,2.6179938316345215,2.6179938316345215,2.6179938316345215,2.6179938316345215,0.7265424728393555,1.202831506729126,1.202831506729126,1.202831506729126,1.202831506729126,0,0,0,0
0.0,0.0,0.0,0.0,0.0,0.0,0.0,0.0,0.0,-0.0,0.0,-0.7766715288162231,0.0,0.0,-1.0629055500030518,0.640535831451416,-0.0,0.0,-0.0,0.0,0.0,1.5707963705062866,2.6179938316345215,2.6179938316345215,2.6179938316345215,2.6179938316345215,0.691351592540741,1.1445708274841309,1.1445708274841309,1.1445708274841309,1.1445708274841309,0,0,0,0
0.0,0.0,0.0,0.0,0.0,0.0,0.0,0.0,0.0,-0.0,0.0,-0.7766715288162231,0.0,0.0,-1.0629055500030518,0.640535831451416,-0.0,0.0,-0.0,0.0,0.0,1.5707963705062866,2.6179938316345215,2.6179938316345215,2.6179938316345215,2.6179938316345215,0.6563301086425781,1.0865912437438965,1.0865912437438965,1.0865912437438965,1.0865912437438965,0,0,0,0
0.0,0.0,0.0,0.0,0.0,0.0,0.0,0.0,0.0,-0.0,0.0,-0.7766715288162231,0.0,0.0,-1.0629055500030518,0.640535831451416,-0.0,0.0,-0.0,0.0,0.0,1.5707963705062866,2.6179938316345215,2.6179938316345215,2.6179938316345215,2.6179938316345215,0.6215423345565796,1.0289978981018066,1.0289978981018066,1.0289978981018066,1.0289978981018066,0,0,0,0
0.0,0.0,0.0,0.0,0.0,0.0,0.0,0.0,0.0,-0.0,0.0,-0.7766715288162231,0.0,0.0,-1.0629055500030518,0.640535831451416,-0.0,0.0,-0.0,0.0,0.0,1.5707963705062866,2.6179938316345215,2.6179938316345215,2.6179938316345215,2.6179938316345215,0.5870510339736938,0.9718955755233765,0.9718955755233765,0.9718955755233765,0.9718955755233765,0,0,0,0
0.0,0.0,0.0,0.0,0.0,0.0,0.0,0.0,0.0,-0.0,0.0,-0.7766715288162231,0.0,0.0,-1.0629055500030518,0.640535831451416,-0.0,0.0,-0.0,0.0,0.0,1.5707963705062866,2.6179938316345215,2.6179938316345215,2.6179938316345215,2.6179938316345215,0.5529204607009888,0.9153904914855957,0.9153904914855957,0.9153904914855957,0.9153904914855957,0,0,0,0
0.0,0.0,0.0,0.0,0.0,0.0,0.0,0.0,0.0,-0.0,0.0,-0.7766715288162231,0.0,0.0,-1.0629055500030518,0.640535831451416,-0.0,0.0,-0.0,0.0,0.0,1.5707963705062866,2.6179938316345215,2.6179938316345215,2.6179938316345215,2.6179938316345215,0.5192139148712158,0.8595874309539795,0.8595874309539795,0.8595874309539795,0.8595874309539795,0,0,0,0
0.0,0.0,0.0,0.0,0.0,0.0,0.0,0.0,0.0,-0.0,0.0,-0.7766715288162231,0.0,0.0,-1.0629055500030518,0.640535831451416,-0.0,0.0,-0.0,0.0,0.0,1.5707963705062866,2.6179938316345215,2.6179938316345215,2.6179938316345215,2.6179938316345215,0.48599499464035034,0.8045917749404907,0.8045917749404907,0.8045917749404907,0.8045917749404907,0,0,0,0
0.0,0.0,0.0,0.0,0.0,0.0,0.0,0.0,0.0,-0.0,0.0,-0.7766715288162231,0.0,0.0,-1.0629055500030518,0.640535831451416,-0.0,0.0,-0.0,0.0,0.0,1.5707963705062866,2.6179938316345215,2.6179938316345215,2.6179938316345215,2.6179938316345215,0.45332765579223633,0.7505092620849609,0.7505092620849609,0.7505092620849609,0.7505092620849609,0,0,0,0
0.0,0.0,0.0,0.0,0.0,0.0,0.0,0.0,0.0,-0.0,0.0,-0.7766715288162231,0.0,0.0,-1.0629055500030518,0.640535831451416,-0.0,0.0,-0.0,0.0,0.0,1.5707963705062866,2.6179938316345215,2.6179938316345215,2.6179938316345215,2.6179938316345215,0.42127496004104614,0.6974442005157471,0.6974442005157471,0.6974442005157471,0.6974442005157471,0,0,0,0
0.0,0.0,0.0,0.0,0.0,0.0,0.0,0.0,0.0,-0.0,0.0,-0.7766715288162231,0.0,0.0,-1.0629055500030518,0.640535831451416,-0.0,0.0,-0.0,0.0,0.0,1.5707963705062866,2.6179938316345215,2.6179938316345215,2.6179938316345215,2.6179938316345215,0.389901340007782,0.645503044128418,0.645503044128418,0.645503044128418,0.645503044128418,0,0,0,0
0.0,0.0,0.0,0.0,0.0,0.0,0.0,0.0,0.0,-0.0,0.0,-0.7766715288162231,0.0,0.0,-1.0629055500030518,0.640535831451416,-0.0,0.0,-0.0,0.0,0.0,1.5707963705062866,2.6179938316345215,2.6179938316345215,2.6179938316345215,2.6179938316345215,0.359269380569458,0.5947905778884888,0.5947905778884888,0.5947905778884888,0.5947905778884888,0,0,0,0
0.0,0.0,0.0,0.0,0.0,0.0,0.0,0.0,0.0,-0.0,0.0,-0.7766715288162231,0.0,0.0,-1.0629055500030518,0.640535831451416,-0.0,0.0,-0.0,0.0,0.0,1.5707963705062866,2.6179938316345215,2.6179938316345215,2.6179938316345215,2.6179938316345215,0.3294435739517212,0.5454120635986328,0.5454120635986328,0.5454120635986328,0.5454120635986328,0,0,0,0
0.0,0.0,0.0,0.0,0.0,0.0,0.0,0.0,0.0,-0.0,0.0,-0.7766715288162231,0.0,0.0,-1.0629055500030518,0.640535831451416,-0.0,0.0,-0.0,0.0,0.0,1.5707963705062866,2.6179938316345215,2.6179938316345215,2.6179938316345215,2.6179938316345215,0.30048704147338867,0.497472882270813,0.497472882270813,0.497472882270813,0.497472882270813,0,0,0,0
0.0,0.0,0.0,0.0,0.0,0.0,0.0,0.0,0.0,-0.0,0.0,-0.7766715288162231,0.0,0.0,-1.0629055500030518,0.640535831451416,-0.0,0.0,-0.0,0.0,0.0,1.5707963705062866,2.6179938316345215,2.6179938316345215,2.6179938316345215,2.6179938316345215,0.2724637985229492,0.4510788917541504,0.4510788917541504,0.4510788917541504,0.4510788917541504,0,0,0,0
0.0,0.0,0.0,0.0,0.0,0.0,0.0,0.0,0.0,-0.0,0.0,-0.7766715288162231,0.0,0.0,-1.0629055500030518,0.640535831451416,-0.0,0.0,-0.0,0.0,0.0,1.5707963705062866,2.6179938316345215,2.6179938316345215,2.6179938316345215,2.6179938316345215,0.24543702602386475,0.40633440017700195,0.40633440017700195,0.40633440017700195,0.40633440017700195,0,0,0,0
0.0,0.0,0.0,0.0,0.0,0.0,0.0,0.0,0.0,-0.0,0.0,-0.7766715288162231,0.0,0.0,-1.0629055500030518,0.640535831451416,-0.0,0.0,-0.0,0.0,0.0,1.5707963705062866,2.6179938316345215,2.6179938316345215,2.6179938316345215,2.6179938316345215,0.21947050094604492,0.3633458614349365,0.3633458614349365,0.3633458614349365,0.3633458614349365,0,0,0,0
0.0,0.0,0.0,0.0,0.0,0.0,0.0,0.0,0.0,-0.0,0.0,-0.7766715288162231,0.0,0.0,-1.0629055500030518,0.640535831451416,-0.0,0.0,-0.0,0.0,0.0,1.5707963705062866,2.6179938316345215,2.6179938316345215,2.6179938316345215,2.6179938316345215,0.19462811946868896,0.3222174644470215,0.3222174644470215,0.3222174644470215,0.3222174644470215,0,0,0,0
0.0,0.0,0.0,0.0,0.0,0.0,0.0,0.0,0.0,-0.0,0.0,-0.7766715288162231,0.0,0.0,-1.0629055500030518,0.640535831451416,-0.0,0.0,-0.0,0.0,0.0,1.5707963705062866,2.6179938316345215,2.6179938316345215,2.6179938316345215,2.6179938316345215,0.1709730625152588,0.28305554389953613,0.28305554389953613,0.28305554389953613,0.28305554389953613,0,0,0,0
0.0,0.0,0.0,0.0,0.0,0.0,0.0,0.0,0.0,-0.0,0.0,-0.7766715288162231,0.0,0.0,-1.0629055500030518,0.640535831451416,-0.0,0.0,-0.0,0.0,0.0,1.5707963705062866,2.6179938316345215,2.6179938316345215,2.6179938316345215,2.6179938316345215,0.1485689878463745,0.24596452713012695,0.24596452713012695,0.24596452713012695,0.24596452713012695,0,0,0,0
0.0,0.0,0.0,0.0,0.0,0.0,0.0,0.0,0.0,-0.0,0.0,-0.7766715288162231,0.0,0.0,-1.0629055500030518,0.640535831451416,-0.0,0.0,-0.0,0.0,0.0,1.5707963705062866,2.6179938316345215,2.6179938316345215,2.6179938316345215,2.6179938316345215,0.1274799108505249,0.21105051040649414,0.21105051040649414,0.21105051040649414,0.21105051040649414,0,0,0,0
0.0,0.0,0.0,0.0,0.0,0.0,0.0,0.0,0.0,-0.0,0.0,-0.7766715288162231,0.0,0.0,-1.0629055500030518,0.640535831451416,-0.0,0.0,-0.0,0.0,0.0,1.5707963705062866,2.6179938316345215,2.6179938316345215,2.6179938316345215,2.6179938316345215,0.10776937007904053,0.17841815948486328,0.17841815948486328,0.17841815948486328,0.17841815948486328,0,0,0,0
0.0,0.0,0.0,0.0,0.0,0.0,0.0,0.0,0.0,-0.0,0.0,-0.7766715288162231,0.0,0.0,-1.0629055500030518,0.640535831451416,-0.0,0.0,-0.0,0.0,0.0,1.5707963705062866,2.6179938316345215,2.6179938316345215,2.6179938316345215,2.6179938316345215,0.08950042724609375,0.14817333221435547,0.14817333221435547,0.14817333221435547,0.14817333221435547,0,0,0,0
0.0,0.0,0.0,0.0,0.0,0.0,0.0,0.0,0.0,-0.0,0.0,-0.7766715288162231,0.0,0.0,-1.0629055500030518,0.640535831451416,-0.0,0.0,-0.0,0.0,0.0,1.5707963705062866,2.6179938316345215,2.6179938316345215,2.6179938316345215,2.6179938316345215,0.07273733615875244,0.12042069435119629,0.12042069435119629,0.12042069435119629,0.12042069435119629,0,0,0,0
0.0,0.0,0.0,0.0,0.0,0.0,0.0,0.0,0.0,-0.0,0.0,-0.7766715288162231,0.0,0.0,-1.0629055500030518,0.640535831451416,-0.0,0.0,-0.0,0.0,0.0,1.5707963705062866,2.6179938316345215,2.6179938316345215,2.6179938316345215,2.6179938316345215,0.057543039321899414,0.09526586532592773,0.09526586532592773,0.09526586532592773,0.09526586532592773,0,0,0,0
0.0,0.0,0.0,0.0,0.0,0.0,0.0,0.0,0.0,-0.0,0.0,-0.7766715288162231,0.0,0.0,-1.0629055500030518,0.640535831451416,-0.0,0.0,-0.0,0.0,0.0,1.5707963705062866,2.6179938316345215,2.6179938316345215,2.6179938316345215,2.6179938316345215,0.043982505798339844,0.07281494140625,0.07281494140625,0.07281494140625,0.07281494140625,0,0,0,0
0.0,0.0,0.0,0.0,0.0,0.0,0.0,0.0,0.0,-0.0,0.0,-0.7766715288162231,0.0,0.0,-1.0629055500030518,0.640535831451416,-0.0,0.0,-0.0,0.0,0.0,1.5707963705062866,2.6179938316345215,2.6179938316345215,2.6179938316345215,2.6179938316345215,0.032117605209350586,0.05317282676696777,0.05317282676696777,0.05317282676696777,0.05317282676696777,0,0,0,0
0.0,0.0,0.0,0.0,0.0,0.0,0.0,0.0,0.0,-0.0,0.0,-0.7766715288162231,0.0,0.0,-1.0629055500030518,0.640535831451416,-0.0,0.0,-0.0,0.0,0.0,1.5707963705062866,2.6179938316345215,2.6179938316345215,2.6179938316345215,2.6179938316345215,0.022013187408447266,0.03644371032714844,0.03644371032714844,0.03644371032714844,0.03644371032714844,0,0,0,0
0.0,0.0,0.0,0.0,0.0,0.0,0.0,0.0,0.0,-0.0,0.0,-0.7766715288162231,0.0,0.0,-1.0629055500030518,0.640535831451416,-0.0,0.0,-0.0,0.0,0.0,1.5707963705062866,2.6179938316345215,2.6179938316345215,2.6179938316345215,2.6179938316345215,0.013732433319091797,0.022734642028808594,0.022734642028808594,0.022734642028808594,0.022734642028808594,0,0,0,0
0.0,0.0,0.0,0.0,0.0,0.0,0.0,0.0,0.0,-0.0,0.0,-0.7766715288162231,0.0,0.0,-1.0629055500030518,0.640535831451416,-0.0,0.0,-0.0,0.0,0.0,1.5707963705062866,2.6179938316345215,2.6179938316345215,2.6179938316345215,2.6179938316345215,0.007338762283325195,0.012149333953857422,0.012149333953857422,0.012149333953857422,0.012149333953857422,0,0,0,0
0.0,0.0,0.0,0.0,0.0,0.0,0.0,0.0,0.0,-0.0,0.0,-0.7766715288162231,0.0,0.0,-1.0629055500030518,0.640535831451416,-0.0,0.0,-0.0,0.0,0.0,1.5707963705062866,2.6179938316345215,2.6179938316345215,2.6179938316345215,2.6179938316345215,0.0028963088989257812,0.004794597625732422,0.004794597625732422,0.004794597625732422,0.004794597625732422,0,0,0,0
0.0,0.0,0.0,0.0,0.0,0.0,0.0,0.0,0.0,-0.0,0.0,-0.7766715288162231,0.0,0.0,-1.0629055500030518,0.640535831451416,-0.0,0.0,-0.0,0.0,0.0,1.5707963705062866,2.6179938316345215,2.6179938316345215,2.6179938316345215,2.6179938316345215,0.00046825408935546875,0.0007748603820800781,0.0007748603820800781,0.0007748603820800781,0.0007748603820800781,0,0,0,0
0.0,0.0,0.0,0.0,0.0,0.0,0.0,0.0,0.0,-0.0,0.0,-0.7766715288162231,0.0,0.0,-1.0628856420516968,0.6405238509178162,-0.0,0.0,-0.0,0.0,0.0,1.5707963705062866,2.6179938316345215,2.6179938316345215,2.6179938316345215,2.6179938316345215,0.0,0.0,0.0,0.0,0.0,0,0,0,0
0.0,0.0,0.0,0.0,0.0,0.0,0.0,0.0,0.0,-0.0,0.0,-0.7766715288162231,0.0,0.0,-1.0625888109207153,0.6403449177742004,-0.0,0.0,-0.0,0.0,0.0,1.5707963705062866,2.6179938316345215,2.6179938316345215,2.6179938316345215,2.6179938316345215,0.0,0.0,0.0,0.0,0.0,0,0,0,0
0.0,0.0,0.0,0.0,0.0,0.0,0.0,0.0,0.0,-0.0,0.0,-0.7766715288162231,0.0,0.0,-1.0619404315948486,0.6399542093276978,-0.0,0.0,-0.0,0.0,0.0,1.5707963705062866,2.6179938316345215,2.6179938316345215,2.6179938316345215,2.6179938316345215,0.0,0.0,0.0,0.0,0.0,0,0,0,0
0.0,0.0,0.0,0.0,0.0,0.0,0.0,0.0,0.0,-0.0,0.0,-0.7766715288162231,0.0,0.0,-1.0609458684921265,0.6393548250198364,-0.0,0.0,-0.0,0.0,0.0,1.5707963705062866,2.6179938316345215,2.6179938316345215,2.6179938316345215,2.6179938316345215,0.0,0.0,0.0,0.0,0.0,0,0,0,0
0.0,0.0,0.0,0.0,0.0,0.0,0.0,0.0,0.0,-0.0,0.0,-0.7766715288162231,0.0,0.0,-1.0596104860305786,0.6385501027107239,-0.0,0.0,-0.0,0.0,0.0,1.5707963705062866,2.6179938316345215,2.6179938316345215,2.6179938316345215,2.6179938316345215,0.0,0.0,0.0,0.0,0.0,0,0,0,0
0.0,0.0,0.0,0.0,0.0,0.0,0.0,0.0,0.0,-0.0,0.0,-0.7766715288162231,0.0,0.0,-1.0579396486282349,0.637543261051178,-0.0,0.0,-0.0,0.0,0.0,1.5707963705062866,2.6179938316345215,2.6179938316345215,2.6179938316345215,2.6179938316345215,0.0,0.0,0.0,0.0,0.0,0,0,0,0
0.0,0.0,0.0,0.0,0.0,0.0,0.0,0.0,0.0,-0.0,0.0,-0.7766715288162231,0.0,0.0,-1.0559388399124146,0.6363374590873718,-0.0,0.0,-0.0,0.0,0.0,1.5707963705062866,2.6179938316345215,2.6179938316345215,2.6179938316345215,2.6179938316345215,0.0,0.0,0.0,0.0,0.0,0,0,0,0
0.0,0.0,0.0,0.0,0.0,0.0,0.0,0.0,0.0,-0.0,0.0,-0.7766715288162231,0.0,0.0,-1.0536134243011475,0.6349360942840576,-0.0,0.0,-0.0,0.0,0.0,1.5707963705062866,2.6179938316345215,2.6179938316345215,2.6179938316345215,2.6179938316345215,0.0,0.0,0.0,0.0,0.0,0,0,0,0
0.0,0.0,0.0,0.0,0.0,0.0,0.0,0.0,0.0,-0.0,0.0,-0.7766715288162231,0.0,0.0,-1.0509686470031738,0.6333423256874084,-0.0,0.0,-0.0,0.0,0.0,1.5707963705062866,2.6179938316345215,2.6179938316345215,2.6179938316345215,2.6179938316345215,0.0,0.0,0.0,0.0,0.0,0,0,0,0
0.0,0.0,0.0,0.0,0.0,0.0,0.0,0.0,0.0,-0.0,0.0,-0.7766715288162231,0.0,0.0,-1.048009991645813,0.6315593719482422,-0.0,0.0,-0.0,0.0,0.0,1.5707963705062866,2.6179938316345215,2.6179938316345215,2.6179938316345215,2.6179938316345215,0.0,0.0,0.0,0.0,0.0,0,0,0,0
0.0,0.0,0.0,0.0,0.0,0.0,0.0,0.0,0.0,-0.0,0.0,-0.7766715288162231,0.0,0.0,-1.0447428226470947,0.6295905113220215,-0.0,0.0,-0.0,0.0,0.0,1.5707963705062866,2.6179938316345215,2.6179938316345215,2.6179938316345215,2.6179938316345215,0.0,0.0,0.0,0.0,0.0,0,0,0,0
0.0,0.0,0.0,0.0,0.0,0.0,0.0,0.0,0.0,-0.0,0.0,-0.7766715288162231,0.0,0.0,-1.0411725044250488,0.6274389624595642,-0.0,0.0,-0.0,0.0,0.0,1.5707963705062866,2.6179938316345215,2.6179938316345215,2.6179938316345215,2.6179938316345215,0.0,0.0,0.0,0.0,0.0,0,0,0,0
0.0,0.0,0.0,0.0,0.0,0.0,0.0,0.0,0.0,-0.0,0.0,-0.7766715288162231,0.0,0.0,-1.0373046398162842,0.625108003616333,-0.0,0.0,-0.0,0.0,0.0,1.5707963705062866,2.6179938316345215,2.6179938316345215,2.6179938316345215,2.6179938316345215,0.0,0.0,0.0,0.0,0.0,0,0,0,0
0.0,0.0,0.0,0.0,0.0,0.0,0.0,0.0,0.0,-0.0,0.0,-0.7766715288162231,0.0,0.0,-1.033144235610962,0.6226008534431458,-0.0,0.0,-0.0,0.0,0.0,1.5707963705062866,2.6179938316345215,2.6179938316345215,2.6179938316345215,2.6179938316345215,0.0,0.0,0.0,0.0,0.0,0,0,0,0
0.0,0.0,0.0,0.0,0.0,0.0,0.0,0.0,0.0,-0.0,0.0,-0.7766715288162231,0.0,0.0,-1.0286967754364014,0.6199207305908203,-0.0,0.0,-0.0,0.0,0.0,1.5707963705062866,2.6179938316345215,2.6179938316345215,2.6179938316345215,2.6179938316345215,0.0,0.0,0.0,0.0,0.0,0,0,0,0
0.0,0.0,0.0,0.0,0.0,0.0,0.0,0.0,0.0,-0.0,0.0,-0.7766715288162231,0.0,0.0,-1.0239678621292114,0.6170709133148193,-0.0,0.0,-0.0,0.0,0.0,1.5707963705062866,2.6179938316345215,2.6179938316345215,2.6179938316345215,2.6179938316345215,0.0,0.0,0.0,0.0,0.0,0,0,0,0
0.0,0.0,0.0,0.0,0.0,0.0,0.0,0.0,0.0,-0.0,0.0,-0.7766715288162231,0.0,0.0,-1.0189626216888428,0.6140546798706055,-0.0,0.0,-0.0,0.0,0.0,1.5707963705062866,2.6179938316345215,2.6179938316345215,2.6179938316345215,2.6179938316345215,0.0,0.0,0.0,0.0,0.0,0,0,0,0
0.0,0.0,0.0,0.0,0.0,0.0,0.0,0.0,0.0,-0.0,0.0,-0.7766715288162231,0.0,0.0,-1.0136866569519043,0.6108751893043518,-0.0,0.0,-0.0,0.0,0.0,1.5707963705062866,2.6179938316345215,2.6179938316345215,2.6179938316345215,2.6179938316345215,0.0,0.0,0.0,0.0,0.0,0,0,0,0
0.0,0.0,0.0,0.0,0.0,0.0,0.0,0.0,0.0,-0.0,0.0,-0.7766715288162231,0.0,0.0,-1.0081452131271362,0.607535719871521,-0.0,0.0,-0.0,0.0,0.0,1.5707963705062866,2.6179938316345215,2.6179938316345215,2.6179938316345215,2.6179938316345215,0.0,0.0,0.0,0.0,0.0,0,0,0,0
0.0,0.0,0.0,0.0,0.0,0.0,0.0,0.0,0.0,-0.0,0.0,-0.7766715288162231,0.0,0.0,-1.0023435354232788,0.6040395498275757,-0.0,0.0,-0.0,0.0,0.0,1.5707963705062866,2.6179938316345215,2.6179938316345215,2.6179938316345215,2.6179938316345215,0.0,0.0,0.0,0.0,0.0,0,0,0,0
0.0,0.0,0.0,0.0,0.0,0.0,0.0,0.0,0.0,-0.0,0.0,-0.7766715288162231,0.0,0.0,-0.9962872862815857,0.600389838218689,-0.0,0.0,-0.0,0.0,0.0,1.5707963705062866,2.6179938316345215,2.6179938316345215,2.6179938316345215,2.6179938316345215,0.0,0.0,0.0,0.0,0.0,0,0,0,0
0.0,0.0,0.0,0.0,0.0,0.0,0.0,0.0,0.0,-0.0,0.0,-0.7766715288162231,0.0,0.0,-0.9899817705154419,0.596589982509613,-0.0,0.0,-0.0,0.0,0.0,1.5707963705062866,2.6179938316345215,2.6179938316345215,2.6179938316345215,2.6179938316345215,0.0,0.0,0.0,0.0,0.0,0,0,0,0
0.0,0.0,0.0,0.0,0.0,0.0,0.0,0.0,0.0,-0.0,0.0,-0.7766715288162231,0.0,0.0,-0.9834321737289429,0.5926430225372314,-0.0,0.0,-0.0,0.0,0.0,1.5707963705062866,2.6179938316345215,2.6179938316345215,2.6179938316345215,2.6179938316345215,0.0,0.0,0.0,0.0,0.0,0,0,0,0
0.0,0.0,0.0,0.0,0.0,0.0,0.0,0.0,0.0,-0.0,0.0,-0.7766715288162231,0.0,0.0,-0.9766440987586975,0.5885523557662964,-0.0,0.0,-0.0,0.0,0.0,1.5707963705062866,2.6179938316345215,2.6179938316345215,2.6179938316345215,2.6179938316345215,0.0,0.0,0.0,0.0,0.0,0,0,0,0
0.0,0.0,0.0,0.0,0.0,0.0,0.0,0.0,0.0,-0.0,0.0,-0.7766715288162231,0.0,0.0,-0.9696229100227356,0.584321141242981,-0.0,0.0,-0.0,0.0,0.0,1.5707963705062866,2.6179938316345215,2.6179938316345215,2.6179938316345215,2.6179938316345215,0.0,0.0,0.0,0.0,0.0,0,0,0,0
0.0,0.0,0.0,0.0,0.0,0.0,0.0,0.0,0.0,-0.0,0.0,-0.7766715288162231,0.0,0.0,-0.9623738527297974,0.5799526572227478,-0.0,0.0,-0.0,0.0,0.0,1.5707963705062866,2.6179938316345215,2.6179938316345215,2.6179938316345215,2.6179938316345215,0.0,0.0,0.0,0.0,0.0,0,0,0,0
0.0,0.0,0.0,0.0,0.0,0.0,0.0,0.0,0.0,-0.0,0.0,-0.7766715288162231,0.0,0.0,-0.9549023509025574,0.5754501819610596,-0.0,0.0,-0.0,0.0,0.0,1.5707963705062866,2.6179938316345215,2.6179938316345215,2.6179938316345215,2.6179938316345215,0.0,0.0,0.0,0.0,0.0,0,0,0,0
0.0,0.0,0.0,0.0,0.0,0.0,0.0,0.0,0.0,-0.0,0.0,-0.7766715288162231,0.0,0.0,-0.9472138285636902,0.5708168148994446,-0.0,0.0,-0.0,0.0,0.0,1.5707963705062866,2.6179938316345215,2.6179938316345215,2.6179938316345215,2.6179938316345215,0.0,0.0,0.0,0.0,0.0,0,0,0,0
0.0,0.0,0.0,0.0,0.0,0.0,0.0,0.0,0.0,-0.0,0.0,-0.7766715288162231,0.0,0.0,-0.9393137097358704,0.5660560727119446,-0.0,0.0,-0.0,0.0,0.0,1.5707963705062866,2.6179938316345215,2.6179938316345215,2.6179938316345215,2.6179938316345215,0.0,0.0,0.0,0.0,0.0,0,0,0,0
0.0,0.0,0.0,0.0,0.0,0.0,0.0,0.0,0.0,-0.0,0.0,-0.7766715288162231,0.0,0.0,-0.9312073588371277,0.5611708760261536,-0.0,0.0,-0.0,0.0,0.0,1.5707963705062866,2.6179938316345215,2.6179938316345215,2.6179938316345215,2.6179938316345215,0.0,0.0,0.0,0.0,0.0,0,0,0,0
0.0,0.0,0.0,0.0,0.0,0.0,0.0,0.0,0.0,-0.0,0.0,-0.7766715288162231,0.0,0.0,-0.9229000210762024,0.5561646223068237,-0.0,0.0,-0.0,0.0,0.0,1.5707963705062866,2.6179938316345215,2.6179938316345215,2.6179938316345215,2.6179938316345215,0.0,0.0,0.0,0.0,0.0,0,0,0,0
0.0,0.0,0.0,0.0,0.0,0.0,0.0,0.0,0.0,-0.0,0.0,-0.7766715288162231,0.0,0.0,-0.9143971800804138,0.5510406494140625,-0.0,0.0,-0.0,0.0,0.0,1.5707963705062866,2.6179938316345215,2.6179938316345215,2.6179938316345215,2.6179938316345215,0.0,0.0,0.0,0.0,0.0,0,0,0,0
0.0,0.0,0.0,0.0,0.0,0.0,0.0,0.0,0.0,-0.0,0.0,-0.7766715288162231,0.0,0.0,-0.9057042002677917,0.5458020567893982,-0.0,0.0,-0.0,0.0,0.0,1.5707963705062866,2.6179938316345215,2.6179938316345215,2.6179938316345215,2.6179938316345215,0.0,0.0,0.0,0.0,0.0,0,0,0,0
0.0,0.0,0.0,0.0,0.0,0.0,0.0,0.0,0.0,-0.0,0.0,-0.7766715288162231,0.0,0.0,-0.8968265652656555,0.5404520630836487,-0.0,0.0,-0.0,0.0,0.0,1.5707963705062866,2.6179938316345215,2.6179938316345215,2.6179938316345215,2.6179938316345215,0.0,0.0,0.0,0.0,0.0,0,0,0,0
0.0,0.0,0.0,0.0,0.0,0.0,0.0,0.0,0.0,-0.0,0.0,-0.7766715288162231,0.0,0.0,-0.8877694606781006,0.5349940657615662,-0.0,0.0,-0.0,0.0,0.0,1.5707963705062866,2.6179938316345215,2.6179938316345215,2.6179938316345215,2.6179938316345215,0.0,0.0,0.0,0.0,0.0,0,0,0,0
0.0,0.0,0.0,0.0,0.0,0.0,0.0,0.0,0.0,-0.0,0.0,-0.7766715288162231,0.0,0.0,-0.8785384893417358,0.529431164264679,-0.0,0.0,-0.0,0.0,0.0,1.5707963705062866,2.6179938316345215,2.6179938316345215,2.6179938316345215,2.6179938316345215,0.0,0.0,0.0,0.0,0.0,0,0,0,0
0.0,0.0,0.0,0.0,0.0,0.0,0.0,0.0,0.0,-0.0,0.0,-0.7766715288162231,0.0,0.0,-0.869138777256012,0.5237667560577393,-0.0,0.0,-0.0,0.0,0.0,1.5707963705062866,2.6179938316345215,2.6179938316345215,2.6179938316345215,2.6179938316345215,0.0,0.0,0.0,0.0,0.0,0,0,0,0
0.0,0.0,0.0,0.0,0.0,0.0,0.0,0.0,0.0,-0.0,0.0,-0.7766715288162231,0.0,0.0,-0.8595759272575378,0.5180038213729858,-0.0,0.0,-0.0,0.0,0.0,1.5707963705062866,2.6179938316345215,2.6179938316345215,2.6179938316345215,2.6179938316345215,0.0,0.0,0.0,0.0,0.0,0,0,0,0
0.0,0.0,0.0,0.0,0.0,0.0,0.0,0.0,0.0,-0.0,0.0,-0.7766715288162231,0.0,0.0,-0.8498553037643433,0.5121459364891052,-0.0,0.0,-0.0,0.0,0.0,1.5707963705062866,2.6179938316345215,2.6179938316345215,2.6179938316345215,2.6179938316345215,0.0,0.0,0.0,0.0,0.0,0,0,0,0
0.0,0.0,0.0,0.0,0.0,0.0,0.0,0.0,0.0,-0.0,0.0,-0.7766715288162231,0.0,0.0,-0.8399821519851685,0.506196141242981,-0.0,0.0,-0.0,0.0,0.0,1.5707963705062866,2.6179938316345215,2.6179938316345215,2.6179938316345215,2.6179938316345215,0.0,0.0,0.0,0.0,0.0,0,0,0,0
0.0,0.0,0.0,0.0,0.0,0.0,0.0,0.0,0.0,-0.0,0.0,-0.7766715288162231,0.0,0.0,-0.829961895942688,0.5001576542854309,-0.0,0.0,-0.0,0.0,0.0,1.5707963705062866,2.6179938316345215,2.6179938316345215,2.6179938316345215,2.6179938316345215,0.0,0.0,0.0,0.0,0.0,0,0,0,0
0.0,0.0,0.0,0.0,0.0,0.0,0.0,0.0,0.0,-0.0,0.0,-0.7766715288162231,0.0,0.0,-0.8197999000549316,0.49403372406959534,-0.0,0.0,-0.0,0.0,0.0,1.5707963705062866,2.6179938316345215,2.6179938316345215,2.6179938316345215,2.6179938316345215,0.0,0.0,0.0,0.0,0.0,0,0,0,0
0.0,0.0,0.0,0.0,0.0,0.0,0.0,0.0,0.0,-0.0,0.0,-0.7766715288162231,0.0,0.0,-0.8095016479492188,0.48782771825790405,-0.0,0.0,-0.0,0.0,0.0,1.5707963705062866,2.6179938316345215,2.6179938316345215,2.6179938316345215,2.6179938316345215,0.0,0.0,0.0,0.0,0.0,0,0,0,0
0.0,0.0,0.0,0.0,0.0,0.0,0.0,0.0,0.0,-0.0,0.0,-0.7766715288162231,0.0,0.0,-0.7990724444389343,0.48154279589653015,-0.0,0.0,-0.0,0.0,0.0,1.5707963705062866,2.6179938316345215,2.6179938316345215,2.6179938316345215,2.6179938316345215,0.0,0.0,0.0,0.0,0.0,0,0,0,0
0.0,0.0,0.0,0.0,0.0,0.0,0.0,0.0,0.0,-0.0,0.0,-0.7766715288162231,0.0,0.0,-0.7885177135467529,0.47518229484558105,-0.0,0.0,-0.0,0.0,0.0,1.5707963705062866,2.6179938316345215,2.6179938316345215,2.6179938316345215,2.6179938316345215,0.0,0.0,0.0,0.0,0.0,0,0,0,0
0.0,0.0,0.0,0.0,0.0,0.0,0.0,0.0,0.0,-0.0,0.0,-0.7766715288162231,0.0,0.0,-0.7778427600860596,0.4687492549419403,-0.0,0.0,-0.0,0.0,0.0,1.5707963705062866,2.6179938316345215,2.6179938316345215,2.6179938316345215,2.6179938316345215,0.0,0.0,0.0,0.0,0.0,0,0,0,0
0.0,0.0,0.0,0.0,0.0,0.0,0.0,0.0,0.0,-0.0,0.0,-0.7766715288162231,0.0,0.0,-0.7670530080795288,0.46224701404571533,-0.0,0.0,-0.0,0.0,0.0,1.5707963705062866,2.6179938316345215,2.6179938316345215,2.6179938316345215,2.6179938316345215,0.0,0.0,0.0,0.0,0.0,0,0,0,0
0.0,0.0,0.0,0.0,0.0,0.0,0.0,0.0,0.0,-0.0,0.0,-0.7766715288162231,0.0,0.0,-0.75615394115448,0.45567893981933594,-0.0,0.0,-0.0,0.0,0.0,1.5707963705062866,2.6179938316345215,2.6179938316345215,2.6179938316345215,2.6179938316345215,0.0,0.0,0.0,0.0,0.0,0,0,0,0
0.0,0.0,0.0,0.0,0.0,0.0,0.0,0.0,0.0,-0.0,0.0,-0.7766715288162231,0.0,0.0,-0.7451507449150085,0.44904813170433044,-0.0,0.0,-0.0,0.0,0.0,1.5707963705062866,2.6179938316345215,2.6179938316345215,2.6179938316345215,2.6179938316345215,0.0,0.0,0.0,0.0,0.0,0,0,0,0
0.0,0.0,0.0,0.0,0.0,0.0,0.0,0.0,0.0,-0.0,0.0,-0.7766715288162231,0.0,0.0,-0.7340489625930786,0.4423579275608063,-0.0,0.0,-0.0,0.0,0.0,1.5707963705062866,2.6179938316345215,2.6179938316345215,2.6179938316345215,2.6179938316345215,0.0,0.0,0.0,0.0,0.0,0,0,0,0
0.0,0.0,0.0,0.0,0.0,0.0,0.0,0.0,0.0,-0.0,0.0,-0.7766715288162231,0.0,0.0,-0.7228538990020752,0.43561145663261414,-0.0,0.0,-0.0,0.0,0.0,1.5707963705062866,2.6179938316345215,2.6179938316345215,2.6179938316345215,2.6179938316345215,0.0,0.0,0.0,0.0,0.0,0,0,0,0
0.0,0.0,0.0,0.0,0.0,0.0,0.0,0.0,0.0,-0.0,0.0,-0.7766715288162231,0.0,0.0,-0.7115707993507385,0.4288119673728943,-0.0,0.0,-0.0,0.0,0.0,1.5707963705062866,2.6179938316345215,2.6179938316345215,2.6179938316345215,2.6179938316345215,0.0,0.0,0.0,0.0,0.0,0,0,0,0
0.0,0.0,0.0,0.0,0.0,0.0,0.0,0.0,0.0,-0.0,0.0,-0.7766715288162231,0.0,0.0,-0.7002053260803223,0.42196282744407654,-0.0,0.0,-0.0,0.0,0.0,1.5707963705062866,2.6179938316345215,2.6179938316345215,2.6179938316345215,2.6179938316345215,0.0,0.0,0.0,0.0,0.0,0,0,0,0
0.0,0.0,0.0,0.0,0.0,0.0,0.0,0.0,0.0,-0.0,0.0,-0.7766715288162231,0.0,0.0,-0.6887627840042114,0.415067195892334,-0.0,0.0,-0.0,0.0,0.0,1.5707963705062866,2.6179938316345215,2.6179938316345215,2.6179938316345215,2.6179938316345215,0.0,0.0,0.0,0.0,0.0,0,0,0,0
0.0,0.0,0.0,0.0,0.0,0.0,0.0,0.0,0.0,-0.0,0.0,-0.7766715288162231,0.0,0.0,-0.6772484183311462,0.4081283509731293,-0.0,0.0,-0.0,0.0,0.0,1.5707963705062866,2.6179938316345215,2.6179938316345215,2.6179938316345215,2.6179938316345215,0.0,0.0,0.0,0.0,0.0,0,0,0,0
0.0,0.0,0.0,0.0,0.0,0.0,0.0,0.0,0.0,-0.0,0.0,-0.7766715288162231,0.0,0.0,-0.6656677722930908,0.4011495113372803,-0.0,0.0,-0.0,0.0,0.0,1.5707963705062866,2.6179938316345215,2.6179938316345215,2.6179938316345215,2.6179938316345215,0.0,0.0,0.0,0.0,0.0,0,0,0,0
0.0,0.0,0.0,0.0,0.0,0.0,0.0,0.0,0.0,-0.0,0.0,-0.7766715288162231,0.0,0.0,-0.6540259718894958,0.39413386583328247,-0.0,0.0,-0.0,0.0,0.0,1.5707963705062866,2.6179938316345215,2.6179938316345215,2.6179938316345215,2.6179938316345215,0.0,0.0,0.0,0.0,0.0,0,0,0,0
0.0,0.0,0.0,0.0,0.0,0.0,0.0,0.0,0.0,-0.0,0.0,-0.7766715288162231,0.0,0.0,-0.6423286199569702,0.3870847523212433,-0.0,0.0,-0.0,0.0,0.0,1.5707963705062866,2.6179938316345215,2.6179938316345215,2.6179938316345215,2.6179938316345215,0.0,0.0,0.0,0.0,0.0,0,0,0,0
0.0,0.0,0.0,0.0,0.0,0.0,0.0,0.0,0.0,-0.0,0.0,-0.7766715288162231,0.0,0.0,-0.6305811405181885,0.3800053894519806,-0.0,0.0,-0.0,0.0,0.0,1.5707963705062866,2.6179938316345215,2.6179938316345215,2.6179938316345215,2.6179938316345215,0.0,0.0,0.0,0.0,0.0,0,0,0,0
0.0,0.0,0.0,0.0,0.0,0.0,0.0,0.0,0.0,-0.0,0.0,-0.7766715288162231,0.0,0.0,-0.6187888383865356,0.37289899587631226,-0.0,0.0,-0.0,0.0,0.0,1.5707963705062866,2.6179938316345215,2.6179938316345215,2.6179938316345215,2.6179938316345215,0.0,0.0,0.0,0.0,0.0,0,0,0,0
0.0,0.0,0.0,0.0,0.0,0.0,0.0,0.0,0.0,-0.0,0.0,-0.7766715288162231,0.0,0.0,-0.6069570183753967,0.3657688498497009,-0.0,0.0,-0.0,0.0,0.0,1.5707963705062866,2.6179938316345215,2.6179938316345215,2.6179938316345215,2.6179938316345215,0.0,0.0,0.0,0.0,0.0,0,0,0,0
0.0,0.0,0.0,0.0,0.0,0.0,0.0,0.0,0.0,-0.0,0.0,-0.7766715288162231,0.0,0.0,-0.5950909852981567,0.35861802101135254,-0.0,0.0,-0.0,0.0,0.0,1.5707963705062866,2.6179938316345215,2.6179938316345215,2.6179938316345215,2.6179938316345215,0.0,0.0,0.0,0.0,0.0,0,0,0,0
0.0,0.0,0.0,0.0,0.0,0.0,0.0,0.0,0.0,-0.0,0.0,-0.7766715288162231,0.0,0.0,-0.5831964015960693,0.35145002603530884,-0.0,0.0,-0.0,0.0,0.0,1.5707963705062866,2.6179938316345215,2.6179938316345215,2.6179938316345215,2.6179938316345215,0.0,0.0,0.0,0.0,0.0,0,0,0,0
0.0,0.0,0.0,0.0,0.0,0.0,0.0,0.0,0.0,-0.0,0.0,-0.7766715288162231,0.0,0.0,-0.5712785124778748,0.3442680239677429,-0.0,0.0,-0.0,0.0,0.0,1.5707963705062866,2.6179938316345215,2.6179938316345215,2.6179938316345215,2.6179938316345215,0.0,0.0,0.0,0.0,0.0,0,0,0,0
0.0,0.0,0.0,0.0,0.0,0.0,0.0,0.0,0.0,-0.0,0.0,-0.7766715288162231,0.0,0.0,-0.559342622756958,0.3370751142501831,-0.0,0.0,-0.0,0.0,0.0,1.5707963705062866,2.6179938316345215,2.6179938316345215,2.6179938316345215,2.6179938316345215,0.0,0.0,0.0,0.0,0.0,0,0,0,0
0.0,0.0,0.0,0.0,0.0,0.0,0.0,0.0,0.0,-0.0,0.0,-0.7766715288162231,0.0,0.0,-0.547394335269928,0.329874724149704,-0.0,0.0,-0.0,0.0,0.0,1.5707963705062866,2.6179938316345215,2.6179938316345215,2.6179938316345215,2.6179938316345215,0.0,0.0,0.0,0.0,0.0,0,0,0,0
0.0,0.0,0.0,0.0,0.0,0.0,0.0,0.0,0.0,-0.0,0.0,-0.7766715288162231,0.0,0.0,-0.5354386568069458,0.3226698637008667,-0.0,0.0,-0.0,0.0,0.0,1.5707963705062866,2.6179938316345215,2.6179938316345215,2.6179938316345215,2.6179938316345215,0.0,0.0,0.0,0.0,0.0,0,0,0,0
0.0,0.0,0.0,0.0,0.0,0.0,0.0,0.0,0.0,-0.0,0.0,-0.7766715288162231,0.0,0.0,-0.5234812498092651,0.3154640793800354,-0.0,0.0,-0.0,0.0,0.0,1.5707963705062866,2.6179938316345215,2.6179938316345215,2.6179938316345215,2.6179938316345215,0.0,0.0,0.0,0.0,0.0,0,0,0,0
0.0,0.0,0.0,0.0,0.0,0.0,0.0,0.0,0.0,-0.0,0.0,-0.7766715288162231,0.0,0.0,-0.511527419090271,0.30826041102409363,-0.0,0.0,-0.0,0.0,0.0,1.5707963705062866,2.6179938316345215,2.6179938316345215,2.6179938316345215,2.6179938316345215,0.0,0.0,0.0,0.0,0.0,0,0,0,0
0.0,0.0,0.0,0.0,0.0,0.0,0.0,0.0,0.0,-0.0,0.0,-0.7766715288162231,0.0,0.0,-0.4995826184749603,0.30106207728385925,-0.0,0.0,-0.0,0.0,0.0,1.5707963705062866,2.6179938316345215,2.6179938316345215,2.6179938316345215,2.6179938316345215,0.0,0.0,0.0,0.0,0.0,0,0,0,0
0.0,0.0,0.0,0.0,0.0,0.0,0.0,0.0,0.0,-0.0,0.0,-0.7766715288162231,0.0,0.0,-0.4876521825790405,0.29387253522872925,-0.0,0.0,-0.0,0.0,0.0,1.5707963705062866,2.6179938316345215,2.6179938316345215,2.6179938316345215,2.6179938316345215,0.0,0.0,0.0,0.0,0.0,0,0,0,0
0.0,0.0,0.0,0.0,0.0,0.0,0.0,0.0,0.0,-0.0,0.0,-0.7766715288162231,0.0,0.0,-0.4757413864135742,0.2866946756839752,-0.0,0.0,-0.0,0.0,0.0,1.5707963705062866,2.6179938316345215,2.6179938316345215,2.6179938316345215,2.6179938316345215,0.0,0.0,0.0,0.0,0.0,0,0,0,0
0.0,0.0,0.0,0.0,0.0,0.0,0.0,0.0,0.0,-0.0,0.0,-0.7766715288162231,0.0,0.0,-0.46385568380355835,0.2795320749282837,-0.0,0.0,-0.0,0.0,0.0,1.5707963705062866,2.6179938316345215,2.6179938316345215,2.6179938316345215,2.6179938316345215,0.0,0.0,0.0,0.0,0.0,0,0,0,0
0.0,0.0,0.0,0.0,0.0,0.0,0.0,0.0,0.0,-0.0,0.0,-0.7766715288162231,0.0,0.0,-0.45200058817863464,0.272387832403183,-0.0,0.0,-0.0,0.0,0.0,1.5707963705062866,2.6179938316345215,2.6179938316345215,2.6179938316345215,2.6179938316345215,0.0,0.0,0.0,0.0,0.0,0,0,0,0
0.0,0.0,0.0,0.0,0.0,0.0,0.0,0.0,0.0,-0.0,0.0,-0.7766715288162231,0.0,0.0,-0.44018131494522095,0.2652652859687805,-0.0,0.0,-0.0,0.0,0.0,1.5707963705062866,2.6179938316345215,2.6179938316345215,2.6179938316345215,2.6179938316345215,0.0,0.0,0.0,0.0,0.0,0,0,0,0
0.0,0.0,0.0,0.0,0.0,0.0,0.0,0.0,0.0,-0.0,0.0,-0.7766715288162231,0.0,0.0,-0.4284033477306366,0.2581675350666046,-0.0,0.0,-0.0,0.0,0.0,1.5707963705062866,2.6179938316345215,2.6179938316345215,2.6179938316345215,2.6179938316345215,0.0,0.0,0.0,0.0,0.0,0,0,0,0
0.0,0.0,0.0,0.0,0.0,0.0,0.0,0.0,0.0,-0.0,0.0,-0.7766715288162231,0.0,0.0,-0.4166717827320099,0.25109779834747314,-0.0,0.0,-0.0,0.0,0.0,1.5707963705062866,2.6179938316345215,2.6179938316345215,2.6179938316345215,2.6179938316345215,0.0,0.0,0.0,0.0,0.0,0,0,0,0
0.0,0.0,0.0,0.0,0.0,0.0,0.0,0.0,0.0,-0.0,0.0,-0.7766715288162231,0.0,0.0,-0.40499237179756165,0.2440594732761383,-0.0,0.0,-0.0,0.0,0.0,1.5707963705062866,2.6179938316345215,2.6179938316345215,2.6179938316345215,2.6179938316345215,0.0,0.0,0.0,0.0,0.0,0,0,0,0
0.0,0.0,0.0,0.0,0.0,0.0,0.0,0.0,0.0,-0.0,0.0,-0.7766715288162231,0.0,0.0,-0.3933706283569336,0.23705580830574036,-0.0,0.0,-0.0,0.0,0.0,1.5707963705062866,2.6179938316345215,2.6179938316345215,2.6179938316345215,2.6179938316345215,0.0,0.0,0.0,0.0,0.0,0,0,0,0
0.0,0.0,0.0,0.0,0.0,0.0,0.0,0.0,0.0,-0.0,0.0,-0.7766715288162231,0.0,0.0,-0.38181132078170776,0.23008990287780762,-0.0,0.0,-0.0,0.0,0.0,1.5707963705062866,2.6179938316345215,2.6179938316345215,2.6179938316345215,2.6179938316345215,0.0,0.0,0.0,0.0,0.0,0,0,0,0
0.0,0.0,0.0,0.0,0.0,0.0,0.0,0.0,0.0,-0.0,0.0,-0.7766715288162231,0.0,0.0,-0.3703204393386841,0.22316515445709229,-0.0,0.0,-0.0,0.0,0.0,1.5707963705062866,2.6179938316345215,2.6179938316345215,2.6179938316345215,2.6179938316345215,0.0,0.0,0.0,0.0,0.0,0,0,0,0
0.0,0.0,0.0,0.0,0.0,0.0,0.0,0.0,0.0,-0.0,0.0,-0.7766715288162231,0.0,0.0,-0.35890278220176697,0.21628457307815552,-0.0,0.0,-0.0,0.0,0.0,1.5707963705062866,2.6179938316345215,2.6179938316345215,2.6179938316345215,2.6179938316345215,0.0,0.0,0.0,0.0,0.0,0,0,0,0
0.0,0.0,0.0,0.0,0.0,0.0,0.0,0.0,0.0,-0.0,0.0,-0.7766715288162231,0.0,0.0,-0.347564160823822,0.20945164561271667,-0.0,0.0,-0.0,0.0,0.0,1.5707963705062866,2.6179938316345215,2.6179938316345215,2.6179938316345215,2.6179938316345215,0.0,0.0,0.0,0.0,0.0,0,0,0,0
0.0,0.0,0.0,0.0,0.0,0.0,0.0,0.0,0.0,-0.0,0.0,-0.7766715288162231,0.0,0.0,-0.33630990982055664,0.20266953110694885,-0.0,0.0,-0.0,0.0,0.0,1.5707963705062866,2.6179938316345215,2.6179938316345215,2.6179938316345215,2.6179938316345215,0.0,0.0,0.0,0.0,0.0,0,0,0,0
0.0,0.0,0.0,0.0,0.0,0.0,0.0,0.0,0.0,-0.0,0.0,-0.7766715288162231,0.0,0.0,-0.3251453638076782,0.19594144821166992,-0.0,0.0,-0.0,0.0,0.0,1.5707963705062866,2.6179938316345215,2.6179938316345215,2.6179938316345215,2.6179938316345215,0.0,0.0,0.0,0.0,0.0,0,0,0,0
0.0,0.0,0.0,0.0,0.0,0.0,0.0,0.0,0.0,-0.0,0.0,-0.7766715288162231,0.0,0.0,-0.3140760064125061,0.1892707347869873,-0.0,0.0,-0.0,0.0,0.0,1.5707963705062866,2.6179938316345215,2.6179938316345215,2.6179938316345215,2.6179938316345215,0.0,0.0,0.0,0.0,0.0,0,0,0,0
0.0,0.0,0.0,0.0,0.0,0.0,0.0,0.0,0.0,-0.0,0.0,-0.7766715288162231,0.0,0.0,-0.30310672521591187,0.182660311460495,-0.0,0.0,-0.0,0.0,0.0,1.5707963705062866,2.6179938316345215,2.6179938316345215,2.6179938316345215,2.6179938316345215,0.0,0.0,0.0,0.0,0.0,0,0,0,0
0.0,0.0,0.0,0.0,0.0,0.0,0.0,0.0,0.0,-0.0,0.0,-0.7766715288162231,0.0,0.0,-0.29224342107772827,0.17611384391784668,-0.0,0.0,-0.0,0.0,0.0,1.5707963705062866,2.6179938316345215,2.6179938316345215,2.6179938316345215,2.6179938316345215,0.0,0.0,0.0,0.0,0.0,0,0,0,0
0.0,0.0,0.0,0.0,0.0,0.0,0.0,0.0,0.0,-0.0,0.0,-0.7766715288162231,0.0,0.0,-0.2814915180206299,0.16963443160057068,-0.0,0.0,-0.0,0.0,0.0,1.5707963705062866,2.6179938316345215,2.6179938316345215,2.6179938316345215,2.6179938316345215,0.0,0.0,0.0,0.0,0.0,0,0,0,0
0.0,0.0,0.0,0.0,0.0,0.0,0.0,0.0,0.0,-0.0,0.0,-0.7766715288162231,0.0,0.0,-0.27085602283477783,0.1632252335548401,-0.0,0.0,-0.0,0.0,0.0,1.5707963705062866,2.6179938316345215,2.6179938316345215,2.6179938316345215,2.6179938316345215,0.0,0.0,0.0,0.0,0.0,0,0,0,0
0.0,0.0,0.0,0.0,0.0,0.0,0.0,0.0,0.0,-0.0,0.0,-0.7766715288162231,0.0,0.0,-0.260342538356781,0.15688952803611755,-0.0,0.0,-0.0,0.0,0.0,1.5707963705062866,2.6179938316345215,2.6179938316345215,2.6179938316345215,2.6179938316345215,0.0,0.0,0.0,0.0,0.0,0,0,0,0
0.0,0.0,0.0,0.0,0.0,0.0,0.0,0.0,0.0,-0.0,0.0,-0.7766715288162231,0.0,0.0,-0.24995630979537964,0.15063047409057617,-0.0,0.0,-0.0,0.0,0.0,1.5707963705062866,2.6179938316345215,2.6179938316345215,2.6179938316345215,2.6179938316345215,0.0,0.0,0.0,0.0,0.0,0,0,0,0
0.0,0.0,0.0,0.0,0.0,0.0,0.0,0.0,0.0,-0.0,0.0,-0.7766715288162231,0.0,0.0,-0.23970293998718262,0.14445152878761292,-0.0,0.0,-0.0,0.0,0.0,1.5707963705062866,2.6179938316345215,2.6179938316345215,2.6179938316345215,2.6179938316345215,0.0,0.0,0.0,0.0,0.0,0,0,0,0
0.0,0.0,0.0,0.0,0.0,0.0,0.0,0.0,0.0,-0.0,0.0,-0.7766715288162231,0.0,0.0,-0.2295876145362854,0.1383557915687561,-0.0,0.0,-0.0,0.0,0.0,1.5707963705062866,2.6179938316345215,2.6179938316345215,2.6179938316345215,2.6179938316345215,0.0,0.0,0.0,0.0,0.0,0,0,0,0
0.0,0.0,0.0,0.0,0.0,0.0,0.0,0.0,0.0,-0.0,0.0,-0.7766715288162231,0.0,0.0,-0.21961575746536255,0.1323464810848236,-0.0,0.0,-0.0,0.0,0.0,1.5707963705062866,2.6179938316345215,2.6179938316345215,2.6179938316345215,2.6179938316345215,0.0,0.0,0.0,0.0,0.0,0,0,0,0
0.0,0.0,0.0,0.0,0.0,0.0,0.0,0.0,0.0,-0.0,0.0,-0.7766715288162231,0.0,0.0,-0.20979279279708862,0.1264268457889557,-0.0,0.0,-0.0,0.0,0.0,1.5707963705062866,2.6179938316345215,2.6179938316345215,2.6179938316345215,2.6179938316345215,0.0,0.0,0.0,0.0,0.0,0,0,0,0
0.0,0.0,0.0,0.0,0.0,0.0,0.0,0.0,0.0,-0.0,0.0,-0.7766715288162231,0.0,0.0,-0.20012420415878296,0.12060022354125977,-0.0,0.0,-0.0,0.0,0.0,1.5707963705062866,2.6179938316345215,2.6179938316345215,2.6179938316345215,2.6179938316345215,0.0,0.0,0.0,0.0,0.0,0,0,0,0
0.0,0.0,0.0,0.0,0.0,0.0,0.0,0.0,0.0,-0.0,0.0,-0.7766715288162231,0.0,0.0,-0.19061505794525146,0.11486983299255371,-0.0,0.0,-0.0,0.0,0.0,1.5707963705062866,2.6179938316345215,2.6179938316345215,2.6179938316345215,2.6179938316345215,0.0,0.0,0.0,0.0,0.0,0,0,0,0
0.0,0.0,0.0,0.0,0.0,0.0,0.0,0.0,0.0,-0.0,0.0,-0.7766715288162231,0.0,0.0,-0.18127107620239258,0.10923886299133301,-0.0,0.0,-0.0,0.0,0.0,1.5707963705062866,2.6179938316345215,2.6179938316345215,2.6179938316345215,2.6179938316345215,0.0,0.0,0.0,0.0,0.0,0,0,0,0
0.0,0.0,0.0,0.0,0.0,0.0,0.0,0.0,0.0,-0.0,0.0,-0.7766715288162231,0.0,0.0,-0.17209750413894653,0.10371071100234985,-0.0,0.0,-0.0,0.0,0.0,1.5707963705062866,2.6179938316345215,2.6179938316345215,2.6179938316345215,2.6179938316345215,0.0,0.0,0.0,0.0,0.0,0,0,0,0
0.0,0.0,0.0,0.0,0.0,0.0,0.0,0.0,0.0,-0.0,0.0,-0.7766715288162231,0.0,0.0,-0.16309964656829834,0.09828823804855347,-0.0,0.0,-0.0,0.0,0.0,1.5707963705062866,2.6179938316345215,2.6179938316345215,2.6179938316345215,2.6179938316345215,0.0,0.0,0.0,0.0,0.0,0,0,0,0
0.0,0.0,0.0,0.0,0.0,0.0,0.0,0.0,0.0,-0.0,0.0,-0.7766715288162231,0.0,0.0,-0.154282808303833,0.09297502040863037,-0.0,0.0,-0.0,0.0,0.0,1.5707963705062866,2.6179938316345215,2.6179938316345215,2.6179938316345215,2.6179938316345215,0.0,0.0,0.0,0.0,0.0,0,0,0,0
0.0,0.0,0.0,0.0,0.0,0.0,0.0,0.0,0.0,-0.0,0.0,-0.7766715288162231,0.0,0.0,-0.14565271139144897,0.08777427673339844,-0.0,0.0,-0.0,0.0,0.0,1.5707963705062866,2.6179938316345215,2.6179938316345215,2.6179938316345215,2.6179938316345215,0.0,0.0,0.0,0.0,0.0,0,0,0,0
0.0,0.0,0.0,0.0,0.0,0.0,0.0,0.0,0.0,-0.0,0.0,-0.7766715288162231,0.0,0.0,-0.13721448183059692,0.08268916606903076,-0.0,0.0,-0.0,0.0,0.0,1.5707963705062866,2.6179938316345215,2.6179938316345215,2.6179938316345215,2.6179938316345215,0.0,0.0,0.0,0.0,0.0,0,0,0,0
0.0,0.0,0.0,0.0,0.0,0.0,0.0,0.0,0.0,-0.0,0.0,-0.7766715288162231,0.0,0.0,-0.1289736032485962,0.07772296667098999,-0.0,0.0,-0.0,0.0,0.0,1.5707963705062866,2.6179938316345215,2.6179938316345215,2.6179938316345215,2.6179938316345215,0.0,0.0,0.0,0.0,0.0,0,0,0,0
0.0,0.0,0.0,0.0,0.0,0.0,0.0,0.0,0.0,-0.0,0.0,-0.7766715288162231,0.0,0.0,-0.12093532085418701,0.07287895679473877,-0.0,0.0,-0.0,0.0,0.0,1.5707963705062866,2.6179938316345215,2.6179938316345215,2.6179938316345215,2.6179938316345215,0.0,0.0,0.0,0.0,0.0,0,0,0,0
0.0,0.0,0.0,0.0,0.0,0.0,0.0,0.0,0.0,-0.0,0.0,-0.7766715288162231,0.0,0.0,-0.1131051778793335,0.06816011667251587,-0.0,0.0,-0.0,0.0,0.0,1.5707963705062866,2.6179938316345215,2.6179938316345215,2.6179938316345215,2.6179938316345215,0.0,0.0,0.0,0.0,0.0,0,0,0,0
0.0,0.0,0.0,0.0,0.0,0.0,0.0,0.0,0.0,-0.0,0.0,-0.7766715288162231,0.0,0.0,-0.10548841953277588,0.06357014179229736,-0.0,0.0,-0.0,0.0,0.0,1.5707963705062866,2.6179938316345215,2.6179938316345215,2.6179938316345215,2.6179938316345215,0.0,0.0,0.0,0.0,0.0,0,0,0,0
0.0,0.0,0.0,0.0,0.0,0.0,0.0,0.0,0.0,-0.0,0.0,-0.7766715288162231,0.0,0.0,-0.09809041023254395,0.05911189317703247,-0.0,0.0,-0.0,0.0,0.0,1.5707963705062866,2.6179938316345215,2.6179938316345215,2.6179938316345215,2.6179938316345215,0.0,0.0,0.0,0.0,0.0,0,0,0,0
0.0,0.0,0.0,0.0,0.0,0.0,0.0,0.0,0.0,-0.0,0.0,-0.7766715288162231,0.0,0.0,-0.09091675281524658,0.05478888750076294,-0.0,0.0,-0.0,0.0,0.0,1.5707963705062866,2.6179938316345215,2.6179938316345215,2.6179938316345215,2.6179938316345215,0.0,0.0,0.0,0.0,0.0,0,0,0,0
0.0,0.0,0.0,0.0,0.0,0.0,0.0,0.0,0.0,-0.0,0.0,-0.7766715288162231,0.0,0.0,-0.08397269248962402,0.050604164600372314,-0.0,0.0,-0.0,0.0,0.0,1.5707963705062866,2.6179938316345215,2.6179938316345215,2.6179938316345215,2.6179938316345215,0.0,0.0,0.0,0.0,0.0,0,0,0,0
0.0,0.0,0.0,0.0,0.0,0.0,0.0,0.0,0.0,-0.0,0.0,-0.7766715288162231,0.0,0.0,-0.0772634744644165,0.04656106233596802,-0.0,0.0,-0.0,0.0,0.0,1.5707963705062866,2.6179938316345215,2.6179938316345215,2.6179938316345215,2.6179938316345215,0.0,0.0,0.0,0.0,0.0,0,0,0,0
0.0,0.0,0.0,0.0,0.0,0.0,0.0,0.0,0.0,-0.0,0.0,-0.7766715288162231,0.0,0.0,-0.07079458236694336,0.04266268014907837,-0.0,0.0,-0.0,0.0,0.0,1.5707963705062866,2.6179938316345215,2.6179938316345215,2.6179938316345215,2.6179938316345215,0.0,0.0,0.0,0.0,0.0,0,0,0,0
0.0,0.0,0.0,0.0,0.0,0.0,0.0,0.0,0.0,-0.0,0.0,-0.7766715288162231,0.0,0.0,-0.06457138061523438,0.03891259431838989,-0.0,0.0,-0.0,0.0,0.0,1.5707963705062866,2.6179938316345215,2.6179938316345215,2.6179938316345215,2.6179938316345215,0.0,0.0,0.0,0.0,0.0,0,0,0,0
0.0,0.0,0.0,0.0,0.0,0.0,0.0,0.0,0.0,-0.0,0.0,-0.7766715288162231,0.0,0.0,-0.05859959125518799,0.03531366586685181,-0.0,0.0,-0.0,0.0,0.0,1.5707963705062866,2.6179938316345215,2.6179938316345215,2.6179938316345215,2.6179938316345215,0.0,0.0,0.0,0.0,0.0,0,0,0,0
0.0,0.0,0.0,0.0,0.0,0.0,0.0,0.0,0.0,-0.0,0.0,-0.7766715288162231,0.0,0.0,-0.05288422107696533,0.031869471073150635,-0.0,0.0,-0.0,0.0,0.0,1.5707963705062866,2.6179938316345215,2.6179938316345215,2.6179938316345215,2.6179938316345215,0.0,0.0,0.0,0.0,0.0,0,0,0,0
0.0,0.0,0.0,0.0,0.0,0.0,0.0,0.0,0.0,-0.0,0.0,-0.7766715288162231,0.0,0.0,-0.04743039608001709,0.028582870960235596,-0.0,0.0,-0.0,0.0,0.0,1.5707963705062866,2.6179938316345215,2.6179938316345215,2.6179938316345215,2.6179938316345215,0.0,0.0,0.0,0.0,0.0,0,0,0,0
0.0,0.0,0.0,0.0,0.0,0.0,0.0,0.0,0.0,-0.0,0.0,-0.7766715288162231,0.0,0.0,-0.0422440767288208,0.02545750141143799,-0.0,0.0,-0.0,0.0,0.0,1.5707963705062866,2.6179938316345215,2.6179938316345215,2.6179938316345215,2.6179938316345215,0.0,0.0,0.0,0.0,0.0,0,0,0,0
0.0,0.0,0.0,0.0,0.0,0.0,0.0,0.0,0.0,-0.0,0.0,-0.7766715288162231,0.0,0.0,-0.0373302698135376,0.022496283054351807,-0.0,0.0,-0.0,0.0,0.0,1.5707963705062866,2.6179938316345215,2.6179938316345215,2.6179938316345215,2.6179938316345215,0.0,0.0,0.0,0.0,0.0,0,0,0,0
0.0,0.0,0.0,0.0,0.0,0.0,0.0,0.0,0.0,-0.0,0.0,-0.7766715288162231,0.0,0.0,-0.03269469738006592,0.019702672958374023,-0.0,0.0,-0.0,0.0,0.0,1.5707963705062866,2.6179938316345215,2.6179938316345215,2.6179938316345215,2.6179938316345215,0.0,0.0,0.0,0.0,0.0,0,0,0,0
0.0,0.0,0.0,0.0,0.0,0.0,0.0,0.0,0.0,-0.0,0.0,-0.7766715288162231,0.0,0.0,-0.028342366218566895,0.01708000898361206,-0.0,0.0,-0.0,0.0,0.0,1.5707963705062866,2.6179938316345215,2.6179938316345215,2.6179938316345215,2.6179938316345215,0.0,0.0,0.0,0.0,0.0,0,0,0,0
0.0,0.0,0.0,0.0,0.0,0.0,0.0,0.0,0.0,-0.0,0.0,-0.7766715288162231,0.0,0.0,-0.024278879165649414,0.014631152153015137,-0.0,0.0,-0.0,0.0,0.0,1.5707963705062866,2.6179938316345215,2.6179938316345215,2.6179938316345215,2.6179938316345215,0.0,0.0,0.0,0.0,0.0,0,0,0,0
0.0,0.0,0.0,0.0,0.0,0.0,0.0,0.0,0.0,-0.0,0.0,-0.7766715288162231,0.0,0.0,-0.02050936222076416,0.012359559535980225,-0.0,0.0,-0.0,0.0,0.0,1.5707963705062866,2.6179938316345215,2.6179938316345215,2.6179938316345215,2.6179938316345215,0.0,0.0,0.0,0.0,0.0,0,0,0,0
0.0,0.0,0.0,0.0,0.0,0.0,0.0,0.0,0.0,-0.0,0.0,-0.7766715288162231,0.0,0.0,-0.01703965663909912,0.010268568992614746,-0.0,0.0,-0.0,0.0,0.0,1.5707963705062866,2.6179938316345215,2.6179938316345215,2.6179938316345215,2.6179938316345215,0.0,0.0,0.0,0.0,0.0,0,0,0,0
0.0,0.0,0.0,0.0,0.0,0.0,0.0,0.0,0.0,-0.0,0.0,-0.7766715288162231,0.0,0.0,-0.01387488842010498,0.008361458778381348,-0.0,0.0,-0.0,0.0,0.0,1.5707963705062866,2.6179938316345215,2.6179938316345215,2.6179938316345215,2.6179938316345215,0.0,0.0,0.0,0.0,0.0,0,0,0,0
0.0,0.0,0.0,0.0,0.0,0.0,0.0,0.0,0.0,-0.0,0.0,-0.7766715288162231,0.0,0.0,-0.011020183563232422,0.0066411495208740234,-0.0,0.0,-0.0,0.0,0.0,1.5707963705062866,2.6179938316345215,2.6179938316345215,2.6179938316345215,2.6179938316345215,0.0,0.0,0.0,0.0,0.0,0,0,0,0
0.0,0.0,0.0,0.0,0.0,0.0,0.0,0.0,0.0,-0.0,0.0,-0.7766715288162231,0.0,0.0,-0.008481264114379883,0.005111098289489746,-0.0,0.0,-0.0,0.0,0.0,1.5707963705062866,2.6179938316345215,2.6179938316345215,2.6179938316345215,2.6179938316345215,0.0,0.0,0.0,0.0,0.0,0,0,0,0
0.0,0.0,0.0,0.0,0.0,0.0,0.0,0.0,0.0,-0.0,0.0,-0.7766715288162231,0.0,0.0,-0.0062634944915771484,0.0037745237350463867,-0.0,0.0,-0.0,0.0,0.0,1.5707963705062866,2.6179938316345215,2.6179938316345215,2.6179938316345215,2.6179938316345215,0.0,0.0,0.0,0.0,0.0,0,0,0,0
0.0,0.0,0.0,0.0,0.0,0.0,0.0,0.0,0.0,-0.0,0.0,-0.7766715288162231,0.0,0.0,-0.0043718814849853516,0.0026346445083618164,-0.0,0.0,-0.0,0.0,0.0,1.5707963705062866,2.6179938316345215,2.6179938316345215,2.6179938316345215,2.6179938316345215,0.0,0.0,0.0,0.0,0.0,0,0,0,0
0.0,0.0,0.0,0.0,0.0,0.0,0.0,0.0,0.0,-0.0,0.0,-0.7766715288162231,0.0,0.0,-0.0028123855590820312,0.0016949176788330078,-0.0,0.0,-0.0,0.0,0.0,1.5707963705062866,2.6179938316345215,2.6179938316345215,2.6179938316345215,2.6179938316345215,0.0,0.0,0.0,0.0,0.0,0,0,0,0
0.0,0.0,0.0,0.0,0.0,0.0,0.0,0.0,0.0,-0.0,0.0,-0.7766715288162231,0.0,0.0,-0.0015902519226074219,0.0009583234786987305,-0.0,0.0,-0.0,0.0,0.0,1.5707963705062866,2.6179938316345215,2.6179938316345215,2.6179938316345215,2.6179938316345215,0.0,0.0,0.0,0.0,0.0,0,0,0,0
0.0,0.0,0.0,0.0,0.0,0.0,0.0,0.0,0.0,-0.0,0.0,-0.7766715288162231,0.0,0.0,-0.0007102489471435547,0.00042808055877685547,-0.0,0.0,-0.0,0.0,0.0,1.5707963705062866,2.6179938316345215,2.6179938316345215,2.6179938316345215,2.6179938316345215,0.0,0.0,0.0,0.0,0.0,0,0,0,0
0.0,0.0,0.0,0.0,0.0,0.0,0.0,0.0,0.0,-0.0,0.0,-0.7766715288162231,0.0,0.0,-0.00017833709716796875,0.00010752677917480469,-0.0,0.0,-0.0,0.0,0.0,1.5707963705062866,2.6179938316345215,2.6179938316345215,2.6179938316345215,2.6179938316345215,0.0,0.0,0.0,0.0,0.0,0,0,0,0
0.0,0.0,0.0,0.0,0.0,0.0,0.0,0.0,0.0,-0.0,0.0,-0.7766715288162231,0.0,0.0,0.0,0.0,-0.0,0.0,-0.0,0.0,0.0,1.5707963705062866,2.6179938316345215,2.6179938316345215,2.6179938316345215,2.6179938316345215,0.0,0.0,0.0,0.0,0.0,0,0,0,0
0.0,0.0,0.0,0.0,0.0,0.0,0.0,0.0,0.0,-0.0,0.0,-0.7766715288162231,0.0,0.0,0.0,0.0,-0.0,0.0,-0.0,0.0,0.0,1.5707963705062866,2.6179938316345215,2.6179938316345215,2.6179938316345215,2.6179938316345215,0.0,0.0,0.0,0.0,0.0,0,0,0,0
0.0,0.0,0.0,0.0,0.0,0.0,0.0,0.0,0.0,-0.0,0.0,-0.7766715288162231,0.0,0.0,0.0,0.0,-0.0,0.0,-0.0,0.0,0.0,1.5707963705062866,2.6179938316345215,2.6179938316345215,2.6179938316345215,2.6179938316345215,0.0,0.0,0.0,0.0,0.0,0,0,0,0
