0.0,0.0,0.0,0.0,0.0,0.0,0.0,0.0,0.0,-0.0,0.0,-0.0,0.0,0.0,0.0,0.0,-0.0,0.0,-0.0,0.0,0.0,0.0,0.0,0.0,0.0,0.0,0.0,0.0,0.0,0.0,0.0,0,0,0,0
0.0,0.0,0.0,0.0,0.0,0.0,0.0,0.0,0.0,-0.0,0.0,-0.0,0.0,0.0,-0.00010071016004076228,1.1221991371712647e-05,-0.0,0.0,-0.0,0.0,0.0,0.0,0.0,0.0,0.0,0.0,4.3161500798305497e-05,0.0001438716717530042,0.0001438716717530042,0.0001438716717530042,0.0001438716717530042,0,0,0,0
0.0,0.0,0.0,0.0,0.0,0.0,0.0,0.0,0.0,-0.0,0.0,-0.0,0.0,0.0,-0.00032227259362116456,3.5910379665438086e-05,-0.0,0.0,-0.0,0.0,0.0,0.0,0.0,0.0,0.0,0.0,0.00013811684038955718,0.00046038947766646743,0.00046038947766646743,0.00046038947766646743,0.00046038947766646743,0,0,0,0
0.0,0.0,0.0,0.0,0.0,0.0,0.0,0.0,0.0,-0.0,0.0,-0.0,0.0,0.0,-0.000543834874406457,6.059875158825889e-05,-0.0,0.0,-0.0,0.0,0.0,0.0,0.0,0.0,0.0,0.0,0.0002330721472389996,0.0007769069634377956,0.0007769069634377956,0.0007769069634377956,0.0007769069634377956,0,0,0,0
0.0,0.0,0.0,0.0,0.0,0.0,0.0,0.0,0.0,-0.0,0.0,-0.0,0.0,0.0,-0.0006636108155362308,7.39452225388959e-05,-0.0,0.0,-0.0,0.0,0.0,0.0,0.0,0.0,0.0,0.0,0.0002844046975951642,0.0009480156004428864,0.0009480156004428864,0.0009480156004428864,0.0009480156004428864,0,0,0,0
0.0,0.0,0.0,0.0,0.0,0.0,0.0,0.0,0.0,-0.0,0.0,-0.0,0.0,0.0,-0.000801454356405884,8.93049145815894e-05,-0.0,0.0,-0.0,0.0,0.0,0.0,0.0,0.0,0.0,0.0,0.00034348046756349504,0.0011449349112808704,0.0011449349112808704,0.0011449349112808704,0.0011449349112808704,0,0,0,0
0.0,0.0,0.0,0.0,0.0,0.0,0.0,0.0,0.0,-0.0,0.0,-0.0,0.0,0.0,-0.0012202130164951086,0.0001359665475320071,-0.0,0.0,-0.0,0.0,0.0,0.0,0.0,0.0,0.0,0.0,0.0005229483358561993,0.0017431613523513079,0.0017431613523513079,0.0017431613523513079,0.0017431613523513079,0,0,0,0
0.0,0.0,0.0,0.0,0.0,0.0,0.0,0.0,0.0,-0.0,0.0,-0.0,0.0,0.0,-0.0022063679061830044,0.00024585233768448234,-0.0,0.0,-0.0,0.0,0.0,0.0,0.0,0.0,0.0,0.0,0.0009455860126763582,0.003151953686028719,0.003151953686028719,0.003151953686028719,0.003151953686028719,0,0,0,0
0.0,0.0,0.0,0.0,0.0,0.0,0.0,0.0,0.0,-0.0,0.0,-0.0,0.0,0.0,-0.004073326010257006,0.00045388488797470927,-0.0,0.0,-0.0,0.0,0.0,0.0,0.0,0.0,0.0,0.0,0.0017457110807299614,0.005819037090986967,0.005819037090986967,0.005819037090986967,0.005819037090986967,0,0,0,0
0.0,0.0,0.0,0.0,0.0,0.0,0.0,0.0,0.0,-0.0,0.0,-0.0,0.0,0.0,-0.006458565592765808,0.0007196686929091811,-0.0,0.0,-0.0,0.0,0.0,0.0,0.0,0.0,0.0,0.0,0.0027679563499987125,0.009226521477103233,0.009226521477103233,0.009226521477103233,0.009226521477103233,0,0,0,0
0.0,0.0,0.0,0.0,0.0,0.0,0.0,0.0,0.0,-0.0,0.0,-0.0,0.0,0.0,-0.008857546374201775,0.0009869836503639817,-0.0,0.0,-0.0,0.0,0.0,0.0,0.0,0.0,0.0,0.0,0.003796091303229332,0.012653637677431107,0.012653637677431107,0.012653637677431107,0.012653637677431107,0,0,0,0
0.0,0.0,0.0,0.0,0.0,0.0,0.0,0.0,0.0,-0.0,0.0,-0.0,0.0,0.0,-0.010855056345462799,0.0012095632264390588,-0.0,0.0,-0.0,0.0,0.0,0.0,0.0,0.0,0.0,0.0,0.004652166739106178,0.015507224015891552,0.015507224015891552,0.015507224015891552,0.015507224015891552,0,0,0,0
0.0,0.0,0.0,0.0,0.0,0.0,0.0,0.0,0.0,-0.0,0.0,-0.0,0.0,0.0,-0.01239320170134306,0.0013809566153213382,-0.0,0.0,-0.0,0.0,0.0,0.0,0.0,0.0,0.0,0.0,0.005311372224241495,0.01770457625389099,0.01770457625389099,0.01770457625389099,0.01770457625389099,0,0,0,0
0.0,0.0,0.0,0.0,0.0,0.0,0.0,0.0,0.0,-0.0,0.0,-0.0,0.0,0.0,-0.013503422029316425,0.0015046667540445924,-0.0,0.0,-0.0,0.0,0.0,0.0,0.0,0.0,0.0,0.0,0.005787181202322245,0.019290603697299957,0.019290603697299957,0.019290603697299957,0.019290603697299957,0,0,0,0
0.0,0.0,0.0,0.0,0.0,0.0,0.0,0.0,0.0,-0.0,0.0,-0.0,0.0,0.0,-0.014249587431550026,0.0015878109261393547,-0.0,0.0,-0.0,0.0,0.0,0.0,0.0,0.0,0.0,0.0,0.006106966640800238,0.0203565526753664,0.0203565526753664,0.0203565526753664,0.0203565526753664,0,0,0,0
0.0,0.0,0.0,0.0,0.0,0.0,0.0,0.0,0.0,-0.0,0.0,-0.0,0.0,0.0,-0.015072634443640709,0.0016795219853520393,-0.0,0.0,-0.0,0.0,0.0,0.0,0.0,0.0,0.0,0.0,0.006459701806306839,0.02153233252465725,0.02153233252465725,0.02153233252465725,0.02153233252465725,0,0,0,0
0.0,0.0,0.0,0.0,0.0,0.0,0.0,0.0,0.0,-0.0,0.0,-0.0,0.0,0.0,-0.01665676385164261,0.0018560392782092094,-0.0,0.0,-0.0,0.0,0.0,0.0,0.0,0.0,0.0,0.0,0.007138615008443594,0.023795373737812042,0.023795373737812042,0.023795373737812042,0.023795373737812042,0,0,0,0
0.0,0.0,0.0,0.0,0.0,0.0,0.0,0.0,0.0,-0.0,0.0,-0.0,0.0,0.0,-0.019680064171552658,0.0021929217036813498,-0.0,0.0,-0.0,0.0,0.0,0.0,0.0,0.0,0.0,0.0,0.008434314280748367,0.028114374727010727,0.028114374727010727,0.028114374727010727,0.028114374727010727,0,0,0,0
0.0,0.0,0.0,0.0,0.0,0.0,0.0,0.0,0.0,-0.0,0.0,-0.0,0.0,0.0,-0.02421099878847599,0.0026977965608239174,-0.0,0.0,-0.0,0.0,0.0,0.0,0.0,0.0,0.0,0.0,0.010376142337918282,0.03458713740110397,0.03458713740110397,0.03458713740110397,0.03458713740110397,0,0,0,0
0.0,0.0,0.0,0.0,0.0,0.0,0.0,0.0,0.0,-0.0,0.0,-0.0,0.0,0.0,-0.029373053461313248,0.0032729972153902054,-0.0,0.0,-0.0,0.0,0.0,0.0,0.0,0.0,0.0,0.0,0.01258845068514347,0.04196149855852127,0.04196149855852127,0.04196149855852127,0.04196149855852127,0,0,0,0
0.0,0.0,0.0,0.0,0.0,0.0,0.0,0.0,0.0,-0.0,0.0,-0.0,0.0,0.0,-0.03420845419168472,0.0038117989897727966,-0.0,0.0,-0.0,0.0,0.0,0.0,0.0,0.0,0.0,0.0,0.01466076634824276,0.04886922240257263,0.04886922240257263,0.04886922240257263,0.04886922240257263,0,0,0,0
0.0,0.0,0.0,0.0,0.0,0.0,0.0,0.0,0.0,-0.0,0.0,-0.0,0.0,0.0,-0.037957970052957535,0.00422960240393877,-0.0,0.0,-0.0,0.0,0.0,0.0,0.0,0.0,0.0,0.0,0.016267703846096992,0.05422568321228027,0.05422568321228027,0.05422568321228027,0.05422568321228027,0,0,0,0
0.0,0.0,0.0,0.0,0.0,0.0,0.0,0.0,0.0,-0.0,0.0,-0.0,0.0,0.0,-0.04065658897161484,0.004530305974185467,-0.0,0.0,-0.0,0.0,0.0,0.0,0.0,0.0,0.0,0.0,0.01742425560951233,0.05808086320757866,0.05808086320757866,0.05808086320757866,0.05808086320757866,0,0,0,0
0.0,0.0,0.0,0.0,0.0,0.0,0.0,0.0,0.0,-0.0,0.0,-0.0,0.0,0.0,-0.0425378754734993,0.004739934112876654,-0.0,0.0,-0.0,0.0,0.0,0.0,0.0,0.0,0.0,0.0,0.01823052205145359,0.06076841428875923,0.06076841428875923,0.06076841428875923,0.06076841428875923,0,0,0,0
0.0,0.0,0.0,0.0,0.0,0.0,0.0,0.0,0.0,-0.0,0.0,-0.0,0.0,0.0,-0.043872058391571045,0.004888600204139948,-0.0,0.0,-0.0,0.0,0.0,0.0,0.0,0.0,0.0,0.0,0.01880231499671936,0.062674380838871,0.062674380838871,0.062674380838871,0.062674380838871,0,0,0,0
0.0,0.0,0.0,0.0,0.0,0.0,0.0,0.0,0.0,-0.0,0.0,-0.0,0.0,0.0,-0.04535593464970589,0.005053946748375893,-0.0,0.0,-0.0,0.0,0.0,0.0,0.0,0.0,0.0,0.0,0.019438261166214943,0.06479419767856598,0.06479419767856598,0.06479419767856598,0.06479419767856598,0,0,0,0
0.0,0.0,0.0,0.0,0.0,0.0,0.0,0.0,0.0,-0.0,0.0,-0.0,0.0,0.0,-0.04796150326728821,0.005344281438738108,-0.0,0.0,-0.0,0.0,0.0,0.0,0.0,0.0,0.0,0.0,0.020554931834340096,0.06851643323898315,0.06851643323898315,0.06851643323898315,0.06851643323898315,0,0,0,0
0.0,0.0,0.0,0.0,0.0,0.0,0.0,0.0,0.0,-0.0,0.0,-0.0,0.0,0.0,-0.05265042930841446,0.005866761319339275,-0.0,0.0,-0.0,0.0,0.0,0.0,0.0,0.0,0.0,0.0,0.022564470767974854,0.07521490007638931,0.07521490007638931,0.07521490007638931,0.07521490007638931,0,0,0,0
0.0,0.0,0.0,0.0,0.0,0.0,0.0,0.0,0.0,-0.0,0.0,-0.0,0.0,0.0,-0.05948962643742561,0.006628843490034342,-0.0,0.0,-0.0,0.0,0.0,0.0,0.0,0.0,0.0,0.0,0.025495557114481926,0.08498518168926239,0.08498518168926239,0.08498518168926239,0.08498518168926239,0,0,0,0
0.0,0.0,0.0,0.0,0.0,0.0,0.0,0.0,0.0,-0.0,0.0,-0.0,0.0,0.0,-0.0671592578291893,0.007483459077775478,-0.0,0.0,-0.0,0.0,0.0,0.0,0.0,0.0,0.0,0.0,0.028782540932297707,0.09594179689884186,0.09594179689884186,0.09594179689884186,0.09594179689884186,0,0,0,0
0.0,0.0,0.0,0.0,0.0,0.0,0.0,0.0,0.0,-0.0,0.0,-0.0,0.0,0.0,-0.07422012835741043,0.008270242251455784,-0.0,0.0,-0.0,0.0,0.0,0.0,0.0,0.0,0.0,0.0,0.031808629631996155,0.10602875798940659,0.10602875798940659,0.10602875798940659,0.10602875798940659,0,0,0,0
0.0,0.0,0.0,0.0,0.0,0.0,0.0,0.0,0.0,-0.0,0.0,-0.0,0.0,0.0,-0.07954567670822144,0.00886365957558155,-0.0,0.0,-0.0,0.0,0.0,0.0,0.0,0.0,0.0,0.0,0.034091006964445114,0.11363667994737625,0.11363667994737625,0.11363667994737625,0.11363667994737625,0,0,0,0
0.0,0.0,0.0,0.0,0.0,0.0,0.0,0.0,0.0,-0.0,0.0,-0.0,0.0,0.0,-0.08325977623462677,0.009277516975998878,-0.0,0.0,-0.0,0.0,0.0,0.0,0.0,0.0,0.0,0.0,0.03568276762962341,0.11894254386425018,0.11894254386425018,0.11894254386425018,0.11894254386425018,0,0,0,0
0.0,0.0,0.0,0.0,0.0,0.0,0.0,0.0,0.0,-0.0,0.0,-0.0,0.0,0.0,-0.0857989639043808,0.00956045463681221,-0.0,0.0,-0.0,0.0,0.0,0.0,0.0,0.0,0.0,0.0,0.036770984530448914,0.12256993353366852,0.12256993353366852,0.12256993353366852,0.12256993353366852,0,0,0,0
0.0,0.0,0.0,0.0,0.0,0.0,0.0,0.0,0.0,-0.0,0.0,-0.0,0.0,0.0,-0.08763846009969711,0.009765426628291607,-0.0,0.0,-0.0,0.0,0.0,0.0,0.0,0.0,0.0,0.0,0.03755934163928032,0.12519776821136475,0.12519776821136475,0.12519776821136475,0.12519776821136475,0,0,0,0
0.0,0.0,0.0,0.0,0.0,0.0,0.0,0.0,0.0,-0.0,0.0,-0.0,0.0,0.0,-0.08970354497432709,0.009995536878705025,-0.0,0.0,-0.0,0.0,0.0,0.0,0.0,0.0,0.0,0.0,0.038444384932518005,0.1281479150056839,0.1281479150056839,0.1281479150056839,0.1281479150056839,0,0,0,0
0.0,0.0,0.0,0.0,0.0,0.0,0.0,0.0,0.0,-0.0,0.0,-0.0,0.0,0.0,-0.09320992976427078,0.010386249981820583,-0.0,0.0,-0.0,0.0,0.0,0.0,0.0,0.0,0.0,0.0,0.03994711861014366,0.13315704464912415,0.13315704464912415,0.13315704464912415,0.13315704464912415,0,0,0,0
0.0,0.0,0.0,0.0,0.0,0.0,0.0,0.0,0.0,-0.0,0.0,-0.0,0.0,0.0,-0.09935913980007172,0.011071447283029556,-0.0,0.0,-0.0,0.0,0.0,0.0,0.0,0.0,0.0,0.0,0.042582493275403976,0.141941636800766,0.141941636800766,0.141941636800766,0.141941636800766,0,0,0,0
0.0,0.0,0.0,0.0,0.0,0.0,0.0,0.0,0.0,-0.0,0.0,-0.0,0.0,0.0,-0.10821273177862167,0.012057988904416561,-0.0,0.0,-0.0,0.0,0.0,0.0,0.0,0.0,0.0,0.0,0.04637688770890236,0.15458959341049194,0.15458959341049194,0.15458959341049194,0.15458959341049194,0,0,0,0
0.0,0.0,0.0,0.0,0.0,0.0,0.0,0.0,0.0,-0.0,0.0,-0.0,0.0,0.0,-0.11806543916463852,0.013155861757695675,-0.0,0.0,-0.0,0.0,0.0,0.0,0.0,0.0,0.0,0.0,0.05059947445988655,0.16866490244865417,0.16866490244865417,0.16866490244865417,0.16866490244865417,0,0,0,0
0.0,0.0,0.0,0.0,0.0,0.0,0.0,0.0,0.0,-0.0,0.0,-0.0,0.0,0.0,-0.12705998122692108,0.01415811013430357,-0.0,0.0,-0.0,0.0,0.0,0.0,0.0,0.0,0.0,0.0,0.05445427447557449,0.18151424825191498,0.18151424825191498,0.18151424825191498,0.18151424825191498,0,0,0,0
0.0,0.0,0.0,0.0,0.0,0.0,0.0,0.0,0.0,-0.0,0.0,-0.0,0.0,0.0,-0.13375110924243927,0.014903695322573185,-0.0,0.0,-0.0,0.0,0.0,0.0,0.0,0.0,0.0,0.0,0.05732190981507301,0.19107303023338318,0.19107303023338318,0.19107303023338318,0.19107303023338318,0,0,0,0
0.0,0.0,0.0,0.0,0.0,0.0,0.0,0.0,0.0,-0.0,0.0,-0.0,0.0,0.0,-0.138342022895813,0.01541525311768055,-0.0,0.0,-0.0,0.0,0.0,0.0,0.0,0.0,0.0,0.0,0.059289440512657166,0.19763146340847015,0.19763146340847015,0.19763146340847015,0.19763146340847015,0,0,0,0
0.0,0.0,0.0,0.0,0.0,0.0,0.0,0.0,0.0,-0.0,0.0,-0.0,0.0,0.0,-0.14144793152809143,0.01576133817434311,-0.0,0.0,-0.0,0.0,0.0,0.0,0.0,0.0,0.0,0.0,0.06062054634094238,0.20206844806671143,0.20206844806671143,0.20206844806671143,0.20206844806671143,0,0,0,0
0.0,0.0,0.0,0.0,0.0,0.0,0.0,0.0,0.0,-0.0,0.0,-0.0,0.0,0.0,-0.14372417330741882,0.016014978289604187,-0.0,0.0,-0.0,0.0,0.0,0.0,0.0,0.0,0.0,0.0,0.06159606948494911,0.20532020926475525,0.20532020926475525,0.20532020926475525,0.20532020926475525,0,0,0,0
0.0,0.0,0.0,0.0,0.0,0.0,0.0,0.0,0.0,-0.0,0.0,-0.0,0.0,0.0,-0.14629195630550385,0.016301102936267853,-0.0,0.0,-0.0,0.0,0.0,0.0,0.0,0.0,0.0,0.0,0.06269656121730804,0.2089885026216507,0.2089885026216507,0.2089885026216507,0.2089885026216507,0,0,0,0
0.0,0.0,0.0,0.0,0.0,0.0,0.0,0.0,0.0,-0.0,0.0,-0.0,0.0,0.0,-0.15057317912578583,0.01677815243601799,-0.0,0.0,-0.0,0.0,0.0,0.0,0.0,0.0,0.0,0.0,0.0645313709974289,0.21510456502437592,0.21510456502437592,0.21510456502437592,0.21510456502437592,0,0,0,0
0.0,0.0,0.0,0.0,0.0,0.0,0.0,0.0,0.0,-0.0,0.0,-0.0,0.0,0.0,-0.15797224640846252,0.017602616921067238,-0.0,0.0,-0.0,0.0,0.0,0.0,0.0,0.0,0.0,0.0,0.06770239770412445,0.22567464411258698,0.22567464411258698,0.22567464411258698,0.22567464411258698,0,0,0,0
0.0,0.0,0.0,0.0,0.0,0.0,0.0,0.0,0.0,-0.0,0.0,-0.0,0.0,0.0,-0.16854500770568848,0.018780726939439774,-0.0,0.0,-0.0,0.0,0.0,0.0,0.0,0.0,0.0,0.0,0.07223358005285263,0.2407785952091217,0.2407785952091217,0.2407785952091217,0.2407785952091217,0,0,0,0
0.0,0.0,0.0,0.0,0.0,0.0,0.0,0.0,0.0,-0.0,0.0,-0.0,0.0,0.0,-0.1802573949098587,0.02008582092821598,-0.0,0.0,-0.0,0.0,0.0,0.0,0.0,0.0,0.0,0.0,0.07725316286087036,0.25751057267189026,0.25751057267189026,0.25751057267189026,0.25751057267189026,0,0,0,0
0.0,0.0,0.0,0.0,0.0,0.0,0.0,0.0,0.0,-0.0,0.0,-0.0,0.0,0.0,-0.19089537858963013,0.021271198987960815,-0.0,0.0,-0.0,0.0,0.0,0.0,0.0,0.0,0.0,0.0,0.0818123072385788,0.2727077007293701,0.2727077007293701,0.2727077007293701,0.2727077007293701,0,0,0,0
0.0,0.0,0.0,0.0,0.0,0.0,0.0,0.0,0.0,-0.0,0.0,-0.0,0.0,0.0,-0.19874238967895508,0.022145580500364304,-0.0,0.0,-0.0,0.0,0.0,0.0,0.0,0.0,0.0,0.0,0.08517531305551529,0.28391772508621216,0.28391772508621216,0.28391772508621216,0.28391772508621216,0,0,0,0
0.0,0.0,0.0,0.0,0.0,0.0,0.0,0.0,0.0,-0.0,0.0,-0.0,0.0,0.0,-0.2040712684392929,0.02273937128484249,-0.0,0.0,-0.0,0.0,0.0,0.0,0.0,0.0,0.0,0.0,0.08745911717414856,0.29153043031692505,0.29153043031692505,0.29153043031692505,0.29153043031692505,0,0,0,0
0.0,0.0,0.0,0.0,0.0,0.0,0.0,0.0,0.0,-0.0,0.0,-0.0,0.0,0.0,-0.207652285695076,0.023138394579291344,-0.0,0.0,-0.0,0.0,0.0,0.0,0.0,0.0,0.0,0.0,0.08899383246898651,0.2966461181640625,0.2966461181640625,0.2966461181640625,0.2966461181640625,0,0,0,0
0.0,0.0,0.0,0.0,0.0,0.0,0.0,0.0,0.0,-0.0,0.0,-0.0,0.0,0.0,-0.2102963924407959,0.023433024063706398,-0.0,0.0,-0.0,0.0,0.0,0.0,0.0,0.0,0.0,0.0,0.09012702107429504,0.3004234731197357,0.3004234731197357,0.3004234731197357,0.3004234731197357,0,0,0,0
0.0,0.0,0.0,0.0,0.0,0.0,0.0,0.0,0.0,-0.0,0.0,-0.0,0.0,0.0,-0.21328836679458618,0.0237664133310318,-0.0,0.0,-0.0,0.0,0.0,0.0,0.0,0.0,0.0,0.0,0.09140927344560623,0.3046976923942566,0.3046976923942566,0.3046976923942566,0.3046976923942566,0,0,0,0
0.0,0.0,0.0,0.0,0.0,0.0,0.0,0.0,0.0,-0.0,0.0,-0.0,0.0,0.0,-0.21821853518486023,0.02431577257812023,-0.0,0.0,-0.0,0.0,0.0,0.0,0.0,0.0,0.0,0.0,0.09352221339941025,0.31174078583717346,0.31174078583717346,0.31174078583717346,0.31174078583717346,0,0,0,0
0.0,0.0,0.0,0.0,0.0,0.0,0.0,0.0,0.0,-0.0,0.0,-0.0,0.0,0.0,-0.22665712237358093,0.025256071239709854,-0.0,0.0,-0.0,0.0,0.0,0.0,0.0,0.0,0.0,0.0,0.09713874757289886,0.323795884847641,0.323795884847641,0.323795884847641,0.323795884847641,0,0,0,0
0.0,0.0,0.0,0.0,0.0,0.0,0.0,0.0,0.0,-0.0,0.0,-0.0,0.0,0.0,-0.23865391314029694,0.026592859998345375,-0.0,0.0,-0.0,0.0,0.0,0.0,0.0,0.0,0.0,0.0,0.10228024423122406,0.3409341275691986,0.3409341275691986,0.3409341275691986,0.3409341275691986,0,0,0,0
0.0,0.0,0.0,0.0,0.0,0.0,0.0,0.0,0.0,-0.0,0.0,-0.0,0.0,0.0,-0.25190258026123047,0.028069140389561653,-0.0,0.0,-0.0,0.0,0.0,0.0,0.0,0.0,0.0,0.0,0.10795825719833374,0.3598608374595642,0.3598608374595642,0.3598608374595642,0.3598608374595642,0,0,0,0
0.0,0.0,0.0,0.0,0.0,0.0,0.0,0.0,0.0,-0.0,0.0,-0.0,0.0,0.0,-0.2638937830924988,0.029405303299427032,-0.0,0.0,-0.0,0.0,0.0,0.0,0.0,0.0,0.0,0.0,0.11309734731912613,0.3769911229610443,0.3769911229610443,0.3769911229610443,0.3769911229610443,0,0,0,0
0.0,0.0,0.0,0.0,0.0,0.0,0.0,0.0,0.0,-0.0,0.0,-0.0,0.0,0.0,-0.2726868987083435,0.030385106801986694,-0.0,0.0,-0.0,0.0,0.0,0.0,0.0,0.0,0.0,0.0,0.11686582863330841,0.3895527124404907,0.3895527124404907,0.3895527124404907,0.3895527124404907,0,0,0,0
0.0,0.0,0.0,0.0,0.0,0.0,0.0,0.0,0.0,-0.0,0.0,-0.0,0.0,0.0,-0.27861499786376953,0.031045664101839066,-0.0,0.0,-0.0,0.0,0.0,0.0,0.0,0.0,0.0,0.0,0.11940643936395645,0.398021399974823,0.398021399974823,0.398021399974823,0.398021399974823,0,0,0,0
0.0,0.0,0.0,0.0,0.0,0.0,0.0,0.0,0.0,-0.0,0.0,-0.0,0.0,0.0,-0.2825794816017151,0.03148742392659187,-0.0,0.0,-0.0,0.0,0.0,0.0,0.0,0.0,0.0,0.0,0.12110550701618195,0.40368497371673584,0.40368497371673584,0.40368497371673584,0.40368497371673584,0,0,0,0
0.0,0.0,0.0,0.0,0.0,0.0,0.0,0.0,0.0,-0.0,0.0,-0.0,0.0,0.0,-0.2855226397514343,0.03181537240743637,-0.0,0.0,-0.0,0.0,0.0,0.0,0.0,0.0,0.0,0.0,0.12236686050891876,0.4078894853591919,0.4078894853591919,0.4078894853591919,0.4078894853591919,0,0,0,0
0.0,0.0,0.0,0.0,0.0,0.0,0.0,0.0,0.0,-0.0,0.0,-0.0,0.0,0.0,-0.2888602018356323,0.03218727558851242,-0.0,0.0,-0.0,0.0,0.0,0.0,0.0,0.0,0.0,0.0,0.12379723787307739,0.41265740990638733,0.41265740990638733,0.41265740990638733,0.41265740990638733,0,0,0,0
0.0,0.0,0.0,0.0,0.0,0.0,0.0,0.0,0.0,-0.0,0.0,-0.0,0.0,0.0,-0.2943134307861328,0.03279492259025574,-0.0,0.0,-0.0,0.0,0.0,0.0,0.0,0.0,0.0,0.0,0.12613432109355927,0.42044776678085327,0.42044776678085327,0.42044776678085327,0.42044776678085327,0,0,0,0
0.0,0.0,0.0,0.0,0.0,0.0,0.0,0.0,0.0,-0.0,0.0,-0.0,0.0,0.0,-0.303581178188324,0.03382761776447296,-0.0,0.0,-0.0,0.0,0.0,0.0,0.0,0.0,0.0,0.0,0.13010622560977936,0.4336874186992645,0.4336874186992645,0.4336874186992645,0.4336874186992645,0,0,0,0
0.0,0.0,0.0,0.0,0.0,0.0,0.0,0.0,0.0,-0.0,0.0,-0.0,0.0,0.0,-0.3167068362236023,0.0352901890873909,-0.0,0.0,-0.0,0.0,0.0,0.0,0.0,0.0,0.0,0.0,0.135731503367424,0.4524383246898651,0.4524383246898651,0.4524383246898651,0.4524383246898651,0,0,0,0
0.0,0.0,0.0,0.0,0.0,0.0,0.0,0.0,0.0,-0.0,0.0,-0.0,0.0,0.0,-0.3311683237552643,0.03690161183476448,-0.0,0.0,-0.0,0.0,0.0,0.0,0.0,0.0,0.0,0.0,0.1419292837381363,0.47309762239456177,0.47309762239456177,0.47309762239456177,0.47309762239456177,0,0,0,0
0.0,0.0,0.0,0.0,0.0,0.0,0.0,0.0,0.0,-0.0,0.0,-0.0,0.0,0.0,-0.3442225456237793,0.038356222212314606,-0.0,0.0,-0.0,0.0,0.0,0.0,0.0,0.0,0.0,0.0,0.14752395451068878,0.4917464852333069,0.4917464852333069,0.4917464852333069,0.4917464852333069,0,0,0,0
0.0,0.0,0.0,0.0,0.0,0.0,0.0,0.0,0.0,-0.0,0.0,-0.0,0.0,0.0,-0.3537520170211792,0.03941807523369789,-0.0,0.0,-0.0,0.0,0.0,0.0,0.0,0.0,0.0,0.0,0.15160802006721497,0.5053600668907166,0.5053600668907166,0.5053600668907166,0.5053600668907166,0,0,0,0
0.0,0.0,0.0,0.0,0.0,0.0,0.0,0.0,0.0,-0.0,0.0,-0.0,0.0,0.0,-0.36014047265052795,0.04012992978096008,-0.0,0.0,-0.0,0.0,0.0,0.0,0.0,0.0,0.0,0.0,0.15434591472148895,0.5144863724708557,0.5144863724708557,0.5144863724708557,0.5144863724708557,0,0,0,0
0.0,0.0,0.0,0.0,0.0,0.0,0.0,0.0,0.0,-0.0,0.0,-0.0,0.0,0.0,-0.3643968105316162,0.04060421139001846,-0.0,0.0,-0.0,0.0,0.0,0.0,0.0,0.0,0.0,0.0,0.1561700701713562,0.5205668807029724,0.5205668807029724,0.5205668807029724,0.5205668807029724,0,0,0,0
0.0,0.0,0.0,0.0,0.0,0.0,0.0,0.0,0.0,-0.0,0.0,-0.0,0.0,0.0,-0.367570161819458,0.04095781594514847,-0.0,0.0,-0.0,0.0,0.0,0.0,0.0,0.0,0.0,0.0,0.15753008425235748,0.5251002907752991,0.5251002907752991,0.5251002907752991,0.5251002907752991,0,0,0,0
0.0,0.0,0.0,0.0,0.0,0.0,0.0,0.0,0.0,-0.0,0.0,-0.0,0.0,0.0,-0.37117478251457214,0.041359469294548035,-0.0,0.0,-0.0,0.0,0.0,0.0,0.0,0.0,0.0,0.0,0.15907491743564606,0.5302497744560242,0.5302497744560242,0.5302497744560242,0.5302497744560242,0,0,0,0
0.0,0.0,0.0,0.0,0.0,0.0,0.0,0.0,0.0,-0.0,0.0,-0.0,0.0,0.0,-0.3770252764225006,0.042011380195617676,-0.0,0.0,-0.0,0.0,0.0,0.0,0.0,0.0,0.0,0.0,0.16158226132392883,0.5386075377464294,0.5386075377464294,0.5386075377464294,0.5386075377464294,0,0,0,0
0.0,0.0,0.0,0.0,0.0,0.0,0.0,0.0,0.0,-0.0,0.0,-0.0,0.0,0.0,-0.38691186904907227,0.04311303049325943,-0.0,0.0,-0.0,0.0,0.0,0.0,0.0,0.0,0.0,0.0,0.16581937670707703,0.5527312159538269,0.5527312159538269,0.5527312159538269,0.5527312159538269,0,0,0,0
0.0,0.0,0.0,0.0,0.0,0.0,0.0,0.0,0.0,-0.0,0.0,-0.0,0.0,0.0,-0.400871217250824,0.04466850310564041,-0.0,0.0,-0.0,0.0,0.0,0.0,0.0,0.0,0.0,0.0,0.17180195450782776,0.5726731419563293,0.5726731419563293,0.5726731419563293,0.5726731419563293,0,0,0,0
0.0,0.0,0.0,0.0,0.0,0.0,0.0,0.0,0.0,-0.0,0.0,-0.0,0.0,0.0,-0.41622215509414673,0.046379029750823975,-0.0,0.0,-0.0,0.0,0.0,0.0,0.0,0.0,0.0,0.0,0.17838090658187866,0.5946030616760254,0.5946030616760254,0.5946030616760254,0.5946030616760254,0,0,0,0
0.0,0.0,0.0,0.0,0.0,0.0,0.0,0.0,0.0,-0.0,0.0,-0.0,0.0,0.0,-0.43004918098449707,0.047919757664203644,-0.0,0.0,-0.0,0.0,0.0,0.0,0.0,0.0,0.0,0.0,0.1843067705631256,0.6143559217453003,0.6143559217453003,0.6143559217453003,0.6143559217453003,0,0,0,0
0.0,0.0,0.0,0.0,0.0,0.0,0.0,0.0,0.0,-0.0,0.0,-0.0,0.0,0.0,-0.44010525941848755,0.0490402951836586,-0.0,0.0,-0.0,0.0,0.0,0.0,0.0,0.0,0.0,0.0,0.1886165291070938,0.6287217736244202,0.6287217736244202,0.6287217736244202,0.6287217736244202,0,0,0,0
0.0,0.0,0.0,0.0,0.0,0.0,0.0,0.0,0.0,-0.0,0.0,-0.0,0.0,0.0,-0.44681525230407715,0.0497879832983017,-0.0,0.0,-0.0,0.0,0.0,0.0,0.0,0.0,0.0,0.0,0.1914922595024109,0.6383075714111328,0.6383075714111328,0.6383075714111328,0.6383075714111328,0,0,0,0
0.0,0.0,0.0,0.0,0.0,0.0,0.0,0.0,0.0,-0.0,0.0,-0.0,0.0,0.0,-0.4512718915939331,0.050284575670957565,-0.0,0.0,-0.0,0.0,0.0,0.0,0.0,0.0,0.0,0.0,0.1934022456407547,0.6446741223335266,0.6446741223335266,0.6446741223335266,0.6446741223335266,0,0,0,0
0.0,0.0,0.0,0.0,0.0,0.0,0.0,0.0,0.0,-0.0,0.0,-0.0,0.0,0.0,-0.4546065330505371,0.05065615475177765,-0.0,0.0,-0.0,0.0,0.0,0.0,0.0,0.0,0.0,0.0,0.19483140110969543,0.6494379639625549,0.6494379639625549,0.6494379639625549,0.6494379639625549,0,0,0,0
0.0,0.0,0.0,0.0,0.0,0.0,0.0,0.0,0.0,-0.0,0.0,-0.0,0.0,0.0,-0.4583997130393982,0.051078829914331436,-0.0,0.0,-0.0,0.0,0.0,0.0,0.0,0.0,0.0,0.0,0.19645704329013824,0.6548566818237305,0.6548566818237305,0.6548566818237305,0.6548566818237305,0,0,0,0
0.0,0.0,0.0,0.0,0.0,0.0,0.0,0.0,0.0,-0.0,0.0,-0.0,0.0,0.0,-0.46452149748802185,0.0517609678208828,-0.0,0.0,-0.0,0.0,0.0,0.0,0.0,0.0,0.0,0.0,0.1990806609392166,0.6636021137237549,0.6636021137237549,0.6636021137237549,0.6636021137237549,0,0,0,0
0.0,0.0,0.0,0.0,0.0,0.0,0.0,0.0,0.0,-0.0,0.0,-0.0,0.0,0.0,-0.47481659054756165,0.05290812999010086,-0.0,0.0,-0.0,0.0,0.0,0.0,0.0,0.0,0.0,0.0,0.20349283516407013,0.6783093810081482,0.6783093810081482,0.6783093810081482,0.6783093810081482,0,0,0,0
0.0,0.0,0.0,0.0,0.0,0.0,0.0,0.0,0.0,-0.0,0.0,-0.0,0.0,0.0,-0.489314466714859,0.05452360957860947,-0.0,0.0,-0.0,0.0,0.0,0.0,0.0,0.0,0.0,0.0,0.20970618724822998,0.6990206241607666,0.6990206241607666,0.6990206241607666,0.6990206241607666,0,0,0,0
0.0,0.0,0.0,0.0,0.0,0.0,0.0,0.0,0.0,-0.0,0.0,-0.0,0.0,0.0,-0.5052312612533569,0.056297194212675095,-0.0,0.0,-0.0,0.0,0.0,0.0,0.0,0.0,0.0,0.0,0.21652768552303314,0.7217589616775513,0.7217589616775513,0.7217589616775513,0.7217589616775513,0,0,0,0
0.0,0.0,0.0,0.0,0.0,0.0,0.0,0.0,0.0,-0.0,0.0,-0.0,0.0,0.0,-0.5195408463478088,0.057891689240932465,-0.0,0.0,-0.0,0.0,0.0,0.0,0.0,0.0,0.0,0.0,0.2226603627204895,0.7422012686729431,0.7422012686729431,0.7422012686729431,0.7422012686729431,0,0,0,0
0.0,0.0,0.0,0.0,0.0,0.0,0.0,0.0,0.0,-0.0,0.0,-0.0,0.0,0.0,-0.5299138426780701,0.05904753878712654,-0.0,0.0,-0.0,0.0,0.0,0.0,0.0,0.0,0.0,0.0,0.22710591554641724,0.7570198178291321,0.7570198178291321,0.7570198178291321,0.7570198178291321,0,0,0,0
0.0,0.0,0.0,0.0,0.0,0.0,0.0,0.0,0.0,-0.0,0.0,-0.0,0.0,0.0,-0.5368065237998962,0.05981558933854103,-0.0,0.0,-0.0,0.0,0.0,0.0,0.0,0.0,0.0,0.0,0.23005996644496918,0.7668666243553162,0.7668666243553162,0.7668666243553162,0.7668666243553162,0,0,0,0
0.0,0.0,0.0,0.0,0.0,0.0,0.0,0.0,0.0,-0.0,0.0,-0.0,0.0,0.0,-0.541371762752533,0.0603242926299572,-0.0,0.0,-0.0,0.0,0.0,0.0,0.0,0.0,0.0,0.0,0.23201650381088257,0.7733883857727051,0.7733883857727051,0.7733883857727051,0.7733883857727051,0,0,0,0
0.0,0.0,0.0,0.0,0.0,0.0,0.0,0.0,0.0,-0.0,0.0,-0.0,0.0,0.0,-0.5447990298271179,0.06070617586374283,-0.0,0.0,-0.0,0.0,0.0,0.0,0.0,0.0,0.0,0.0,0.23348531126976013,0.7782843112945557,0.7782843112945557,0.7782843112945557,0.7782843112945557,0,0,0,0
0.0,0.0,0.0,0.0,0.0,0.0,0.0,0.0,0.0,-0.0,0.0,-0.0,0.0,0.0,-0.5487021803855896,0.06114109978079796,-0.0,0.0,-0.0,0.0,0.0,0.0,0.0,0.0,0.0,0.0,0.23515810072422028,0.7838603258132935,0.7838603258132935,0.7838603258132935,0.7838603258132935,0,0,0,0
0.0,0.0,0.0,0.0,0.0,0.0,0.0,0.0,0.0,-0.0,0.0,-0.0,0.0,0.0,-0.5549693703651428,0.06183944642543793,-0.0,0.0,-0.0,0.0,0.0,0.0,0.0,0.0,0.0,0.0,0.2378440648317337,0.7928134202957153,0.7928134202957153,0.7928134202957153,0.7928134202957153,0,0,0,0
0.0,0.0,0.0,0.0,0.0,0.0,0.0,0.0,0.0,-0.0,0.0,-0.0,0.0,0.0,-0.5654627680778503,0.06300868839025497,-0.0,0.0,-0.0,0.0,0.0,0.0,0.0,0.0,0.0,0.0,0.24234119057655334,0.8078038096427917,0.8078038096427917,0.8078038096427917,0.8078038096427917,0,0,0,0
0.0,0.0,0.0,0.0,0.0,0.0,0.0,0.0,0.0,-0.0,0.0,-0.0,0.0,0.0,-0.5802039504051208,0.06465128809213638,-0.0,0.0,-0.0,0.0,0.0,0.0,0.0,0.0,0.0,0.0,0.24865885078907013,0.8288627862930298,0.8288627862930298,0.8288627862930298,0.8288627862930298,0,0,0,0
0.0,0.0,0.0,0.0,0.0,0.0,0.0,0.0,0.0,-0.0,0.0,-0.0,0.0,0.0,-0.5963633060455322,0.06645189970731735,-0.0,0.0,-0.0,0.0,0.0,0.0,0.0,0.0,0.0,0.0,0.2555842995643616,0.851947546005249,0.851947546005249,0.851947546005249,0.851947546005249,0,0,0,0
0.0,0.0,0.0,0.0,0.0,0.0,0.0,0.0,0.0,-0.0,0.0,-0.0,0.0,0.0,-0.6108652353286743,0.06806783378124237,-0.0,0.0,-0.0,0.0,0.0,0.0,0.0,0.0,0.0,0.0,0.2617993950843811,0.8726646304130554,0.8726646304130554,0.8726646304130554,0.8726646304130554,0,0,0,0
0.0,0.0,0.0,0.0,0.0,0.0,0.0,0.0,0.0,-0.0,0.0,-0.0,0.0,0.0,-0.6213453412055969,0.06923560798168182,-0.0,0.0,-0.0,0.0,0.0,0.0,0.0,0.0,0.0,0.0,0.2662908434867859,0.8876361846923828,0.8876361846923828,0.8876361846923828,0.8876361846923828,0,0,0,0
0.0,0.0,0.0,0.0,0.0,0.0,0.0,0.0,0.0,-0.0,0.0,-0.0,0.0,0.0,-0.6282820105552673,0.07000855356454849,-0.0,0.0,-0.0,0.0,0.0,0.0,0.0,0.0,0.0,0.0,0.26926368474960327,0.8975457549095154,0.8975457549095154,0.8975457549095154,0.8975457549095154,0,0,0,0
0.0,0.0,0.0,0.0,0.0,0.0,0.0,0.0,0.0,-0.0,0.0,-0.0,0.0,0.0,-0.6328644156455994,0.07051914930343628,-0.0,0.0,-0.0,0.0,0.0,0.0,0.0,0.0,0.0,0.0,0.27122750878334045,0.9040918350219727,0.9040918350219727,0.9040918350219727,0.9040918350219727,0,0,0,0
0.0,0.0,0.0,0.0,0.0,0.0,0.0,0.0,0.0,-0.0,0.0,-0.0,0.0,0.0,-0.6363152265548706,0.07090367376804352,-0.0,0.0,-0.0,0.0,0.0,0.0,0.0,0.0,0.0,0.0,0.27270644903182983,0.9090216159820557,0.9090216159820557,0.9090216159820557,0.9090216159820557,0,0,0,0
0.0,0.0,0.0,0.0,0.0,0.0,0.0,0.0,0.0,-0.0,0.0,-0.0,0.0,0.0,-0.6402498483657837,0.0713421106338501,-0.0,0.0,-0.0,0.0,0.0,0.0,0.0,0.0,0.0,0.0,0.27439266443252563,0.9146425724029541,0.9146425724029541,0.9146425724029541,0.9146425724029541,0,0,0,0
0.0,0.0,0.0,0.0,0.0,0.0,0.0,0.0,0.0,-0.0,0.0,-0.0,0.0,0.0,-0.646536648273468,0.07204262912273407,-0.0,0.0,-0.0,0.0,0.0,0.0,0.0,0.0,0.0,0.0,0.2770870327949524,0.9236237406730652,0.9236237406730652,0.9236237406730652,0.9236237406730652,0,0,0,0
0.0,0.0,0.0,0.0,0.0,0.0,0.0,0.0,0.0,-0.0,0.0,-0.0,0.0,0.0,-0.6570176482200623,0.07321051508188248,-0.0,0.0,-0.0,0.0,0.0,0.0,0.0,0.0,0.0,0.0,0.281578928232193,0.9385966062545776,0.9385966062545776,0.9385966062545776,0.9385966062545776,0,0,0,0
0.0,0.0,0.0,0.0,0.0,0.0,0.0,0.0,0.0,-0.0,0.0,-0.0,0.0,0.0,-0.6717072129249573,0.07484735548496246,-0.0,0.0,-0.0,0.0,0.0,0.0,0.0,0.0,0.0,0.0,0.2878744900226593,0.9595816731452942,0.9595816731452942,0.9595816731452942,0.9595816731452942,0,0,0,0
0.0,0.0,0.0,0.0,0.0,0.0,0.0,0.0,0.0,-0.0,0.0,-0.0,0.0,0.0,-0.6877855062484741,0.07663894444704056,-0.0,0.0,-0.0,0.0,0.0,0.0,0.0,0.0,0.0,0.0,0.2947652041912079,0.9825506210327148,0.9825506210327148,0.9825506210327148,0.9825506210327148,0,0,0,0
0.0,0.0,0.0,0.0,0.0,0.0,0.0,0.0,0.0,-0.0,0.0,-0.0,0.0,0.0,-0.702189564704895,0.07824397087097168,-0.0,0.0,-0.0,0.0,0.0,0.0,0.0,0.0,0.0,0.0,0.3009383976459503,1.003127932548523,1.003127932548523,1.003127932548523,1.003127932548523,0,0,0,0
0.0,0.0,0.0,0.0,0.0,0.0,0.0,0.0,0.0,-0.0,0.0,-0.0,0.0,0.0,-0.7125670313835144,0.07940031588077545,-0.0,0.0,-0.0,0.0,0.0,0.0,0.0,0.0,0.0,0.0,0.30538588762283325,1.0179529190063477,1.0179529190063477,1.0179529190063477,1.0179529190063477,0,0,0,0
0.0,0.0,0.0,0.0,0.0,0.0,0.0,0.0,0.0,-0.0,0.0,-0.0,0.0,0.0,-0.7194088101387024,0.08016268163919449,-0.0,0.0,-0.0,0.0,0.0,0.0,0.0,0.0,0.0,0.0,0.3083180785179138,1.0277268886566162,1.0277268886566162,1.0277268886566162,1.0277268886566162,0,0,0,0
0.0,0.0,0.0,0.0,0.0,0.0,0.0,0.0,0.0,-0.0,0.0,-0.0,0.0,0.0,-0.7239165902137756,0.0806649774312973,-0.0,0.0,-0.0,0.0,0.0,0.0,0.0,0.0,0.0,0.0,0.3102499544620514,1.034166693687439,1.034166693687439,1.034166693687439,1.034166693687439,0,0,0,0
0.0,0.0,0.0,0.0,0.0,0.0,0.0,0.0,0.0,-0.0,0.0,-0.0,0.0,0.0,-0.7273222804069519,0.08104445785284042,-0.0,0.0,-0.0,0.0,0.0,0.0,0.0,0.0,0.0,0.0,0.31170952320098877,1.0390318632125854,1.0390318632125854,1.0390318632125854,1.0390318632125854,0,0,0,0
0.0,0.0,0.0,0.0,0.0,0.0,0.0,0.0,0.0,-0.0,0.0,-0.0,0.0,0.0,-0.7312096953392029,0.08147764950990677,-0.0,0.0,-0.0,0.0,0.0,0.0,0.0,0.0,0.0,0.0,0.3133755922317505,1.0445852279663086,1.0445852279663086,1.0445852279663086,1.0445852279663086,0,0,0,0
0.0,0.0,0.0,0.0,0.0,0.0,0.0,0.0,0.0,-0.0,0.0,-0.0,0.0,0.0,-0.7373901009559631,0.08216632902622223,-0.0,0.0,-0.0,0.0,0.0,0.0,0.0,0.0,0.0,0.0,0.3160243034362793,1.0534144639968872,1.0534144639968872,1.0534144639968872,1.0534144639968872,0,0,0,0
0.0,0.0,0.0,0.0,0.0,0.0,0.0,0.0,0.0,-0.0,0.0,-0.0,0.0,0.0,-0.7476485967636108,0.08330941945314407,-0.0,0.0,-0.0,0.0,0.0,0.0,0.0,0.0,0.0,0.0,0.32042086124420166,1.068069577217102,1.068069577217102,1.068069577217102,1.068069577217102,0,0,0,0
0.0,0.0,0.0,0.0,0.0,0.0,0.0,0.0,0.0,-0.0,0.0,-0.0,0.0,0.0,-0.7619912624359131,0.08490759879350662,-0.0,0.0,-0.0,0.0,0.0,0.0,0.0,0.0,0.0,0.0,0.32656770944595337,1.0885590314865112,1.0885590314865112,1.0885590314865112,1.0885590314865112,0,0,0,0
0.0,0.0,0.0,0.0,0.0,0.0,0.0,0.0,0.0,-0.0,0.0,-0.0,0.0,0.0,-0.7776652574539185,0.08665412664413452,-0.0,0.0,-0.0,0.0,0.0,0.0,0.0,0.0,0.0,0.0,0.3332851529121399,1.1109504699707031,1.1109504699707031,1.1109504699707031,1.1109504699707031,0,0,0,0
0.0,0.0,0.0,0.0,0.0,0.0,0.0,0.0,0.0,-0.0,0.0,-0.0,0.0,0.0,-0.7916813492774963,0.0882159098982811,-0.0,0.0,-0.0,0.0,0.0,0.0,0.0,0.0,0.0,0.0,0.339292049407959,1.1309733390808105,1.1309733390808105,1.1309733390808105,1.1309733390808105,0,0,0,0
0.0,0.0,0.0,0.0,0.0,0.0,0.0,0.0,0.0,-0.0,0.0,-0.0,0.0,0.0,-0.8017464876174927,0.08933745324611664,-0.0,0.0,-0.0,0.0,0.0,0.0,0.0,0.0,0.0,0.0,0.3436056673526764,1.1453522443771362,1.1453522443771362,1.1453522443771362,1.1453522443771362,0,0,0,0
0.0,0.0,0.0,0.0,0.0,0.0,0.0,0.0,0.0,-0.0,0.0,-0.0,0.0,0.0,-0.8083545565605164,0.09007377922534943,-0.0,0.0,-0.0,0.0,0.0,0.0,0.0,0.0,0.0,0.0,0.3464376926422119,1.154792308807373,1.154792308807373,1.154792308807373,1.154792308807373,0,0,0,0
0.0,0.0,0.0,0.0,0.0,0.0,0.0,0.0,0.0,-0.0,0.0,-0.0,0.0,0.0,-0.812696099281311,0.09055755287408829,-0.0,0.0,-0.0,0.0,0.0,0.0,0.0,0.0,0.0,0.0,0.34829840064048767,1.1609946489334106,1.1609946489334106,1.1609946489334106,1.1609946489334106,0,0,0,0
0.0,0.0,0.0,0.0,0.0,0.0,0.0,0.0,0.0,-0.0,0.0,-0.0,0.0,0.0,-0.8159877061843872,0.09092434495687485,-0.0,0.0,-0.0,0.0,0.0,0.0,0.0,0.0,0.0,0.0,0.34970909357070923,1.1656969785690308,1.1656969785690308,1.1656969785690308,1.1656969785690308,0,0,0,0
0.0,0.0,0.0,0.0,0.0,0.0,0.0,0.0,0.0,-0.0,0.0,-0.0,0.0,0.0,-0.8197495937347412,0.09134352207183838,-0.0,0.0,-0.0,0.0,0.0,0.0,0.0,0.0,0.0,0.0,0.3513213098049164,1.1710710525512695,1.1710710525512695,1.1710710525512695,1.1710710525512695,0,0,0,0
0.0,0.0,0.0,0.0,0.0,0.0,0.0,0.0,0.0,-0.0,0.0,-0.0,0.0,0.0,-0.8256978392601013,0.09200633317232132,-0.0,0.0,-0.0,0.0,0.0,0.0,0.0,0.0,0.0,0.0,0.35387054085731506,1.1795682907104492,1.1795682907104492,1.1795682907104492,1.1795682907104492,0,0,0,0
0.0,0.0,0.0,0.0,0.0,0.0,0.0,0.0,0.0,-0.0,0.0,-0.0,0.0,0.0,-0.8355235457420349,0.09310118854045868,-0.0,0.0,-0.0,0.0,0.0,0.0,0.0,0.0,0.0,0.0,0.358081579208374,1.1936050653457642,1.1936050653457642,1.1936050653457642,1.1936050653457642,0,0,0,0
0.0,0.0,0.0,0.0,0.0,0.0,0.0,0.0,0.0,-0.0,0.0,-0.0,0.0,0.0,-0.8492239117622375,0.09462780505418777,-0.0,0.0,-0.0,0.0,0.0,0.0,0.0,0.0,0.0,0.0,0.363953173160553,1.213176965713501,1.213176965713501,1.213176965713501,1.213176965713501,0,0,0,0
0.0,0.0,0.0,0.0,0.0,0.0,0.0,0.0,0.0,-0.0,0.0,-0.0,0.0,0.0,-0.8641701340675354,0.09629324078559875,-0.0,0.0,-0.0,0.0,0.0,0.0,0.0,0.0,0.0,0.0,0.3703586757183075,1.234528660774231,1.234528660774231,1.234528660774231,1.234528660774231,0,0,0,0
0.0,0.0,0.0,0.0,0.0,0.0,0.0,0.0,0.0,-0.0,0.0,-0.0,0.0,0.0,-0.8775078058242798,0.09777943789958954,-0.0,0.0,-0.0,0.0,0.0,0.0,0.0,0.0,0.0,0.0,0.37607482075691223,1.25358247756958,1.25358247756958,1.25358247756958,1.25358247756958,0,0,0,0
0.0,0.0,0.0,0.0,0.0,0.0,0.0,0.0,0.0,-0.0,0.0,-0.0,0.0,0.0,-0.8870508074760437,0.0988427996635437,-0.0,0.0,-0.0,0.0,0.0,0.0,0.0,0.0,0.0,0.0,0.3801647126674652,1.267215371131897,1.267215371131897,1.267215371131897,1.267215371131897,0,0,0,0
0.0,0.0,0.0,0.0,0.0,0.0,0.0,0.0,0.0,-0.0,0.0,-0.0,0.0,0.0,-0.893286406993866,0.09953762590885162,-0.0,0.0,-0.0,0.0,0.0,0.0,0.0,0.0,0.0,0.0,0.38283711671829224,1.2761234045028687,1.2761234045028687,1.2761234045028687,1.2761234045028687,0,0,0,0
0.0,0.0,0.0,0.0,0.0,0.0,0.0,0.0,0.0,-0.0,0.0,-0.0,0.0,0.0,-0.8973702192306519,0.09999267011880875,-0.0,0.0,-0.0,0.0,0.0,0.0,0.0,0.0,0.0,0.0,0.3845873177051544,1.2819573879241943,1.2819573879241943,1.2819573879241943,1.2819573879241943,0,0,0,0
0.0,0.0,0.0,0.0,0.0,0.0,0.0,0.0,0.0,-0.0,0.0,-0.0,0.0,0.0,-0.9004789590835571,0.10033906996250153,-0.0,0.0,-0.0,0.0,0.0,0.0,0.0,0.0,0.0,0.0,0.38591960072517395,1.2863987684249878,1.2863987684249878,1.2863987684249878,1.2863987684249878,0,0,0,0
0.0,0.0,0.0,0.0,0.0,0.0,0.0,0.0,0.0,-0.0,0.0,-0.0,0.0,0.0,-0.9040367007255554,0.10073550790548325,-0.0,0.0,-0.0,0.0,0.0,0.0,0.0,0.0,0.0,0.0,0.38744431734085083,1.2914810180664062,1.2914810180664062,1.2914810180664062,1.2914810180664062,0,0,0,0
0.0,0.0,0.0,0.0,0.0,0.0,0.0,0.0,0.0,-0.0,0.0,-0.0,0.0,0.0,-0.909626841545105,0.10135841369628906,-0.0,0.0,-0.0,0.0,0.0,0.0,0.0,0.0,0.0,0.0,0.38984009623527527,1.2994670867919922,1.2994670867919922,1.2994670867919922,1.2994670867919922,0,0,0,0
0.0,0.0,0.0,0.0,0.0,0.0,0.0,0.0,0.0,-0.0,0.0,-0.0,0.0,0.0,-0.9188093543052673,0.10238160938024521,-0.0,0.0,-0.0,0.0,0.0,0.0,0.0,0.0,0.0,0.0,0.39377549290657043,1.3125849962234497,1.3125849962234497,1.3125849962234497,1.3125849962234497,0,0,0,0
0.0,0.0,0.0,0.0,0.0,0.0,0.0,0.0,0.0,-0.0,0.0,-0.0,0.0,0.0,-0.9315724968910217,0.10380378365516663,-0.0,0.0,-0.0,0.0,0.0,0.0,0.0,0.0,0.0,0.0,0.39924541115760803,1.3308179378509521,1.3308179378509521,1.3308179378509521,1.3308179378509521,0,0,0,0
0.0,0.0,0.0,0.0,0.0,0.0,0.0,0.0,0.0,-0.0,0.0,-0.0,0.0,0.0,-0.945467472076416,0.10535208135843277,-0.0,0.0,-0.0,0.0,0.0,0.0,0.0,0.0,0.0,0.0,0.40520042181015015,1.3506678342819214,1.3506678342819214,1.3506678342819214,1.3506678342819214,0,0,0,0
0.0,0.0,0.0,0.0,0.0,0.0,0.0,0.0,0.0,-0.0,0.0,-0.0,0.0,0.0,-0.9578366279602051,0.10673035681247711,-0.0,0.0,-0.0,0.0,0.0,0.0,0.0,0.0,0.0,0.0,0.4105014503002167,1.3683379888534546,1.3683379888534546,1.3683379888534546,1.3683379888534546,0,0,0,0
0.0,0.0,0.0,0.0,0.0,0.0,0.0,0.0,0.0,-0.0,0.0,-0.0,0.0,0.0,-0.9666478037834167,0.10771216452121735,-0.0,0.0,-0.0,0.0,0.0,0.0,0.0,0.0,0.0,0.0,0.4142776429653168,1.3809255361557007,1.3809255361557007,1.3809255361557007,1.3809255361557007,0,0,0,0
0.0,0.0,0.0,0.0,0.0,0.0,0.0,0.0,0.0,-0.0,0.0,-0.0,0.0,0.0,-0.9723720550537109,0.10835001617670059,-0.0,0.0,-0.0,0.0,0.0,0.0,0.0,0.0,0.0,0.0,0.4167308807373047,1.3891030550003052,1.3891030550003052,1.3891030550003052,1.3891030550003052,0,0,0,0
0.0,0.0,0.0,0.0,0.0,0.0,0.0,0.0,0.0,-0.0,0.0,-0.0,0.0,0.0,-0.9761064648628235,0.10876613855361938,-0.0,0.0,-0.0,0.0,0.0,0.0,0.0,0.0,0.0,0.0,0.4183312952518463,1.3944379091262817,1.3944379091262817,1.3944379091262817,1.3944379091262817,0,0,0,0
0.0,0.0,0.0,0.0,0.0,0.0,0.0,0.0,0.0,-0.0,0.0,-0.0,0.0,0.0,-0.9789634346961975,0.10908448696136475,-0.0,0.0,-0.0,0.0,0.0,0.0,0.0,0.0,0.0,0.0,0.41955575346946716,1.3985192775726318,1.3985192775726318,1.3985192775726318,1.3985192775726318,0,0,0,0
0.0,0.0,0.0,0.0,0.0,0.0,0.0,0.0,0.0,-0.0,0.0,-0.0,0.0,0.0,-0.9822384119033813,0.10944940894842148,-0.0,0.0,-0.0,0.0,0.0,0.0,0.0,0.0,0.0,0.0,0.4209592938423157,1.4031977653503418,1.4031977653503418,1.4031977653503418,1.4031977653503418,0,0,0,0
0.0,0.0,0.0,0.0,0.0,0.0,0.0,0.0,0.0,-0.0,0.0,-0.0,0.0,0.0,-0.9873446226119995,0.11001838743686676,-0.0,0.0,-0.0,0.0,0.0,0.0,0.0,0.0,0.0,0.0,0.42314767837524414,1.410492181777954,1.410492181777954,1.410492181777954,1.410492181777954,0,0,0,0
0.0,0.0,0.0,0.0,0.0,0.0,0.0,0.0,0.0,-0.0,0.0,-0.0,0.0,0.0,-0.9956735968589783,0.11094646900892258,-0.0,0.0,-0.0,0.0,0.0,0.0,0.0,0.0,0.0,0.0,0.42671725153923035,1.4223908185958862,1.4223908185958862,1.4223908185958862,1.4223908185958862,0,0,0,0
0.0,0.0,0.0,0.0,0.0,0.0,0.0,0.0,0.0,-0.0,0.0,-0.0,0.0,0.0,-1.007204294204712,0.11223132163286209,-0.0,0.0,-0.0,0.0,0.0,0.0,0.0,0.0,0.0,0.0,0.43165895342826843,1.4388632774353027,1.4388632774353027,1.4388632774353027,1.4388632774353027,0,0,0,0
0.0,0.0,0.0,0.0,0.0,0.0,0.0,0.0,0.0,-0.0,0.0,-0.0,0.0,0.0,-1.0197246074676514,0.11362645030021667,-0.0,0.0,-0.0,0.0,0.0,0.0,0.0,0.0,0.0,0.0,0.4370248317718506,1.4567495584487915,1.4567495584487915,1.4567495584487915,1.4567495584487915,0,0,0,0
0.0,0.0,0.0,0.0,0.0,0.0,0.0,0.0,0.0,-0.0,0.0,-0.0,0.0,0.0,-1.0308350324630737,0.11486446857452393,-0.0,0.0,-0.0,0.0,0.0,0.0,0.0,0.0,0.0,0.0,0.4417864680290222,1.4726216793060303,1.4726216793060303,1.4726216793060303,1.4726216793060303,0,0,0,0
0.0,0.0,0.0,0.0,0.0,0.0,0.0,0.0,0.0,-0.0,0.0,-0.0,0.0,0.0,-1.038704514503479,0.11574136465787888,-0.0,0.0,-0.0,0.0,0.0,0.0,0.0,0.0,0.0,0.0,0.4451591372489929,1.4838638305664062,1.4838638305664062,1.4838638305664062,1.4838638305664062,0,0,0,0
0.0,0.0,0.0,0.0,0.0,0.0,0.0,0.0,0.0,-0.0,0.0,-0.0,0.0,0.0,-1.0437787771224976,0.11630676686763763,-0.0,0.0,-0.0,0.0,0.0,0.0,0.0,0.0,0.0,0.0,0.4473337233066559,1.4911125898361206,1.4911125898361206,1.4911125898361206,1.4911125898361206,0,0,0,0
0.0,0.0,0.0,0.0,0.0,0.0,0.0,0.0,0.0,-0.0,0.0,-0.0,0.0,0.0,-1.0470720529556274,0.11667373031377792,-0.0,0.0,-0.0,0.0,0.0,0.0,0.0,0.0,0.0,0.0,0.44874513149261475,1.4958171844482422,1.4958171844482422,1.4958171844482422,1.4958171844482422,0,0,0,0
0.0,0.0,0.0,0.0,0.0,0.0,0.0,0.0,0.0,-0.0,0.0,-0.0,0.0,0.0,-1.049608588218689,0.11695635318756104,-0.0,0.0,-0.0,0.0,0.0,0.0,0.0,0.0,0.0,0.0,0.4498322010040283,1.4994406700134277,1.4994406700134277,1.4994406700134277,1.4994406700134277,0,0,0,0
0.0,0.0,0.0,0.0,0.0,0.0,0.0,0.0,0.0,-0.0,0.0,-0.0,0.0,0.0,-1.0525221824645996,0.11728101968765259,-0.0,0.0,-0.0,0.0,0.0,0.0,0.0,0.0,0.0,0.0,0.45108094811439514,1.5036029815673828,1.5036029815673828,1.5036029815673828,1.5036029815673828,0,0,0,0
0.0,0.0,0.0,0.0,0.0,0.0,0.0,0.0,0.0,-0.0,0.0,-0.0,0.0,0.0,-1.057018518447876,0.11778204143047333,-0.0,0.0,-0.0,0.0,0.0,0.0,0.0,0.0,0.0,0.0,0.45300793647766113,1.5100263357162476,1.5100263357162476,1.5100263357162476,1.5100263357162476,0,0,0,0
0.0,0.0,0.0,0.0,0.0,0.0,0.0,0.0,0.0,-0.0,0.0,-0.0,0.0,0.0,-1.064283847808838,0.11859159916639328,-0.0,0.0,-0.0,0.0,0.0,0.0,0.0,0.0,0.0,0.0,0.45612162351608276,1.5204052925109863,1.5204052925109863,1.5204052925109863,1.5204052925109863,0,0,0,0
0.0,0.0,0.0,0.0,0.0,0.0,0.0,0.0,0.0,-0.0,0.0,-0.0,0.0,0.0,-1.0742868185043335,0.11970622092485428,-0.0,0.0,-0.0,0.0,0.0,0.0,0.0,0.0,0.0,0.0,0.46040859818458557,1.5346953868865967,1.5346953868865967,1.5346953868865967,1.5346953868865967,0,0,0,0
0.0,0.0,0.0,0.0,0.0,0.0,0.0,0.0,0.0,-0.0,0.0,-0.0,0.0,0.0,-1.0851091146469116,0.12091215699911118,-0.0,0.0,-0.0,0.0,0.0,0.0,0.0,0.0,0.0,0.0,0.465046763420105,1.5501558780670166,1.5501558780670166,1.5501558780670166,1.5501558780670166,0,0,0,0
0.0,0.0,0.0,0.0,0.0,0.0,0.0,0.0,0.0,-0.0,0.0,-0.0,0.0,0.0,-1.0946706533432007,0.12197756767272949,-0.0,0.0,-0.0,0.0,0.0,0.0,0.0,0.0,0.0,0.0,0.4691445231437683,1.5638151168823242,1.5638151168823242,1.5638151168823242,1.5638151168823242,0,0,0,0
0.0,0.0,0.0,0.0,0.0,0.0,0.0,0.0,0.0,-0.0,0.0,-0.0,0.0,0.0,-1.1013888120651245,0.12272614985704422,-0.0,0.0,-0.0,0.0,0.0,0.0,0.0,0.0,0.0,0.0,0.47202372550964355,1.573412299156189,1.573412299156189,1.573412299156189,1.573412299156189,0,0,0,0
0.0,0.0,0.0,0.0,0.0,0.0,0.0,0.0,0.0,-0.0,0.0,-0.0,0.0,0.0,-1.1056740283966064,0.12320363521575928,-0.0,0.0,-0.0,0.0,0.0,0.0,0.0,0.0,0.0,0.0,0.4738602340221405,1.5795340538024902,1.5795340538024902,1.5795340538024902,1.5795340538024902,0,0,0,0
0.0,0.0,0.0,0.0,0.0,0.0,0.0,0.0,0.0,-0.0,0.0,-0.0,0.0,0.0,-1.1084346771240234,0.12351123988628387,-0.0,0.0,-0.0,0.0,0.0,0.0,0.0,0.0,0.0,0.0,0.47504332661628723,1.5834777355194092,1.5834777355194092,1.5834777355194092,1.5834777355194092,0,0,0,0
0.0,0.0,0.0,0.0,0.0,0.0,0.0,0.0,0.0,-0.0,0.0,-0.0,0.0,0.0,-1.1105815172195435,0.1237504780292511,-0.0,0.0,-0.0,0.0,0.0,0.0,0.0,0.0,0.0,0.0,0.4759634733200073,1.5865448713302612,1.5865448713302612,1.5865448713302612,1.5865448713302612,0,0,0,0
0.0,0.0,0.0,0.0,0.0,0.0,0.0,0.0,0.0,-0.0,0.0,-0.0,0.0,0.0,-1.1130553483963013,0.12402614951133728,-0.0,0.0,-0.0,0.0,0.0,0.0,0.0,0.0,0.0,0.0,0.477023720741272,1.5900789499282837,1.5900789499282837,1.5900789499282837,1.5900789499282837,0,0,0,0
0.0,0.0,0.0,0.0,0.0,0.0,0.0,0.0,0.0,-0.0,0.0,-0.0,0.0,0.0,-1.1168158054351807,0.12444519996643066,-0.0,0.0,-0.0,0.0,0.0,0.0,0.0,0.0,0.0,0.0,0.4786354899406433,1.5954515933990479,1.5954515933990479,1.5954515933990479,1.5954515933990479,0,0,0,0
0.0,0.0,0.0,0.0,0.0,0.0,0.0,0.0,0.0,-0.0,0.0,-0.0,0.0,0.0,-1.1228069067001343,0.12511278688907623,-0.0,0.0,-0.0,0.0,0.0,0.0,0.0,0.0,0.0,0.0,0.4812030494213104,1.6040102243423462,1.6040102243423462,1.6040102243423462,1.6040102243423462,0,0,0,0
0.0,0.0,0.0,0.0,0.0,0.0,0.0,0.0,0.0,-0.0,0.0,-0.0,0.0,0.0,-1.130987286567688,0.1260242909193039,-0.0,0.0,-0.0,0.0,0.0,0.0,0.0,0.0,0.0,0.0,0.48470890522003174,1.6156961917877197,1.6156961917877197,1.6156961917877197,1.6156961917877197,0,0,0,0
0.0,0.0,0.0,0.0,0.0,0.0,0.0,0.0,0.0,-0.0,0.0,-0.0,0.0,0.0,-1.139788031578064,0.1270049810409546,-0.0,0.0,-0.0,0.0,0.0,0.0,0.0,0.0,0.0,0.0,0.48848071694374084,1.628268837928772,1.628268837928772,1.628268837928772,1.628268837928772,0,0,0,0
0.0,0.0,0.0,0.0,0.0,0.0,0.0,0.0,0.0,-0.0,0.0,-0.0,0.0,0.0,-1.1475104093551636,0.12786543369293213,-0.0,0.0,-0.0,0.0,0.0,0.0,0.0,0.0,0.0,0.0,0.491790235042572,1.6393005847930908,1.6393005847930908,1.6393005847930908,1.6393005847930908,0,0,0,0
0.0,0.0,0.0,0.0,0.0,0.0,0.0,0.0,0.0,-0.0,0.0,-0.0,0.0,0.0,-1.1528675556182861,0.12846235930919647,-0.0,0.0,-0.0,0.0,0.0,0.0,0.0,0.0,0.0,0.0,0.4940861165523529,1.6469534635543823,1.6469534635543823,1.6469534635543823,1.6469534635543823,0,0,0,0
0.0,0.0,0.0,0.0,0.0,0.0,0.0,0.0,0.0,-0.0,0.0,-0.0,0.0,0.0,-1.1562249660491943,0.1288364678621292,-0.0,0.0,-0.0,0.0,0.0,0.0,0.0,0.0,0.0,0.0,0.4955250322818756,1.651749849319458,1.651749849319458,1.651749849319458,1.651749849319458,0,0,0,0
0.0,0.0,0.0,0.0,0.0,0.0,0.0,0.0,0.0,-0.0,0.0,-0.0,0.0,0.0,-1.1583611965179443,0.12907451391220093,-0.0,0.0,-0.0,0.0,0.0,0.0,0.0,0.0,0.0,0.0,0.496440589427948,1.6548017263412476,1.6548017263412476,1.6548017263412476,1.6548017263412476,0,0,0,0
0.0,0.0,0.0,0.0,0.0,0.0,0.0,0.0,0.0,-0.0,0.0,-0.0,0.0,0.0,-1.1600500345230103,0.12926268577575684,-0.0,0.0,-0.0,0.0,0.0,0.0,0.0,0.0,0.0,0.0,0.4971642792224884,1.6572141647338867,1.6572141647338867,1.6572141647338867,1.6572141647338867,0,0,0,0
0.0,0.0,0.0,0.0,0.0,0.0,0.0,0.0,0.0,-0.0,0.0,-0.0,0.0,0.0,-1.1620057821273804,0.12948058545589447,-0.0,0.0,-0.0,0.0,0.0,0.0,0.0,0.0,0.0,0.0,0.49800240993499756,1.6600080728530884,1.6600080728530884,1.6600080728530884,1.6600080728530884,0,0,0,0
0.0,0.0,0.0,0.0,0.0,0.0,0.0,0.0,0.0,-0.0,0.0,-0.0,0.0,0.0,-1.1649048328399658,0.1298036426305771,-0.0,0.0,-0.0,0.0,0.0,0.0,0.0,0.0,0.0,0.0,0.4992448389530182,1.6641497611999512,1.6641497611999512,1.6641497611999512,1.6641497611999512,0,0,0,0
0.0,0.0,0.0,0.0,0.0,0.0,0.0,0.0,0.0,-0.0,0.0,-0.0,0.0,0.0,-1.1694114208221436,0.13030579686164856,-0.0,0.0,-0.0,0.0,0.0,0.0,0.0,0.0,0.0,0.0,0.5011761784553528,1.6705877780914307,1.6705877780914307,1.6705877780914307,1.6705877780914307,0,0,0,0
0.0,0.0,0.0,0.0,0.0,0.0,0.0,0.0,0.0,-0.0,0.0,-0.0,0.0,0.0,-1.1754733324050903,0.13098131120204926,-0.0,0.0,-0.0,0.0,0.0,0.0,0.0,0.0,0.0,0.0,0.5037742853164673,1.6792479753494263,1.6792479753494263,1.6792479753494263,1.6792479753494263,0,0,0,0
0.0,0.0,0.0,0.0,0.0,0.0,0.0,0.0,0.0,-0.0,0.0,-0.0,0.0,0.0,-1.181929111480713,0.13170069456100464,-0.0,0.0,-0.0,0.0,0.0,0.0,0.0,0.0,0.0,0.0,0.5065411925315857,1.688470721244812,1.688470721244812,1.688470721244812,1.688470721244812,0,0,0,0
0.0,0.0,0.0,0.0,0.0,0.0,0.0,0.0,0.0,-0.0,0.0,-0.0,0.0,0.0,-1.187522053718567,0.13232387602329254,-0.0,0.0,-0.0,0.0,0.0,0.0,0.0,0.0,0.0,0.0,0.5089380145072937,1.696460247039795,1.696460247039795,1.696460247039795,1.696460247039795,0,0,0,0
0.0,0.0,0.0,0.0,0.0,0.0,0.0,0.0,0.0,-0.0,0.0,-0.0,0.0,0.0,-1.191308856010437,0.13274572789669037,-0.0,0.0,-0.0,0.0,0.0,0.0,0.0,0.0,0.0,0.0,0.5105605721473694,1.7018687725067139,1.7018687725067139,1.7018687725067139,1.7018687725067139,0,0,0,0
0.0,0.0,0.0,0.0,0.0,0.0,0.0,0.0,0.0,-0.0,0.0,-0.0,0.0,0.0,-1.1935999393463135,0.13300098478794098,-0.0,0.0,-0.0,0.0,0.0,0.0,0.0,0.0,0.0,0.0,0.5115422606468201,1.7051410675048828,1.7051410675048828,1.7051410675048828,1.7051410675048828,0,0,0,0
0.0,0.0,0.0,0.0,0.0,0.0,0.0,0.0,0.0,-0.0,0.0,-0.0,0.0,0.0,-1.1950199604034424,0.13315927982330322,-0.0,0.0,-0.0,0.0,0.0,0.0,0.0,0.0,0.0,0.0,0.5121510624885559,1.7071704864501953,1.7071704864501953,1.7071704864501953,1.7071704864501953,0,0,0,0
0.0,0.0,0.0,0.0,0.0,0.0,0.0,0.0,0.0,-0.0,0.0,-0.0,0.0,0.0,-1.1961798667907715,0.13328880071640015,-0.0,0.0,-0.0,0.0,0.0,0.0,0.0,0.0,0.0,0.0,0.5126491785049438,1.7088309526443481,1.7088309526443481,1.7088309526443481,1.7088309526443481,0,0,0,0
0.0,0.0,0.0,0.0,0.0,0.0,0.0,0.0,0.0,-0.0,0.0,-0.0,0.0,0.0,-1.197536826133728,0.1334403157234192,-0.0,0.0,-0.0,0.0,0.0,0.0,0.0,0.0,0.0,0.0,0.5132319331169128,1.710773229598999,1.710773229598999,1.710773229598999,1.710773229598999,0,0,0,0
0.0,0.0,0.0,0.0,0.0,0.0,0.0,0.0,0.0,-0.0,0.0,-0.0,0.0,0.0,-1.1994484663009644,0.13365332782268524,-0.0,0.0,-0.0,0.0,0.0,0.0,0.0,0.0,0.0,0.0,0.5140513181686401,1.7135043144226074,1.7135043144226074,1.7135043144226074,1.7135043144226074,0,0,0,0
0.0,0.0,0.0,0.0,0.0,0.0,0.0,0.0,0.0,-0.0,0.0,-0.0,0.0,0.0,-1.2022638320922852,0.13396644592285156,-0.0,0.0,-0.0,0.0,0.0,0.0,0.0,0.0,0.0,0.0,0.5152556300163269,1.7175185680389404,1.7175185680389404,1.7175185680389404,1.7175185680389404,0,0,0,0
0.0,0.0,0.0,0.0,0.0,0.0,0.0,0.0,0.0,-0.0,0.0,-0.0,0.0,0.0,-1.205918788909912,0.134372740983963,-0.0,0.0,-0.0,0.0,0.0,0.0,0.0,0.0,0.0,0.0,0.5168182849884033,1.7227275371551514,1.7227275371551514,1.7227275371551514,1.7227275371551514,0,0,0,0
0.0,0.0,0.0,0.0,0.0,0.0,0.0,0.0,0.0,-0.0,0.0,-0.0,0.0,0.0,-1.209708333015442,0.134794682264328,-0.0,0.0,-0.0,0.0,0.0,0.0,0.0,0.0,0.0,0.0,0.5184411406517029,1.7281370162963867,1.7281370162963867,1.7281370162963867,1.7281370162963867,0,0,0,0
0.0,0.0,0.0,0.0,0.0,0.0,0.0,0.0,0.0,-0.0,0.0,-0.0,0.0,0.0,-1.2128727436065674,0.13514868915081024,-0.0,0.0,-0.0,0.0,0.0,0.0,0.0,0.0,0.0,0.0,0.5198026895523071,1.732675552368164,1.732675552368164,1.732675552368164,1.732675552368164,0,0,0,0
0.0,0.0,0.0,0.0,0.0,0.0,0.0,0.0,0.0,-0.0,0.0,-0.0,0.0,0.0,-1.2148568630218506,0.13537323474884033,-0.0,0.0,-0.0,0.0,0.0,0.0,0.0,0.0,0.0,0.0,0.5206663012504578,1.7355543375015259,1.7355543375015259,1.7355543375015259,1.7355543375015259,0,0,0,0
0.0,0.0,0.0,0.0,0.0,0.0,0.0,0.0,0.0,-0.0,0.0,-0.0,0.0,0.0,-1.2159266471862793,0.13549499213695526,-0.0,0.0,-0.0,0.0,0.0,0.0,0.0,0.0,0.0,0.0,0.521134614944458,1.737115502357483,1.737115502357483,1.737115502357483,1.737115502357483,0,0,0,0
0.0,0.0,0.0,0.0,0.0,0.0,0.0,0.0,0.0,-0.0,0.0,-0.0,0.0,0.0,-1.2165528535842896,0.1355626881122589,-0.0,0.0,-0.0,0.0,0.0,0.0,0.0,0.0,0.0,0.0,0.5213949084281921,1.7379834651947021,1.7379834651947021,1.7379834651947021,1.7379834651947021,0,0,0,0
0.0,0.0,0.0,0.0,0.0,0.0,0.0,0.0,0.0,-0.0,0.0,-0.0,0.0,0.0,-1.2171794176101685,0.1356227844953537,-0.0,0.0,-0.0,0.0,0.0,0.0,0.0,0.0,0.0,0.0,0.5216260552406311,1.7387537956237793,1.7387537956237793,1.7387537956237793,1.7387537956237793,0,0,0,0
0.0,0.0,0.0,0.0,0.0,0.0,0.0,0.0,0.0,-0.0,0.0,-0.0,0.0,0.0,-1.2179349660873413,0.1356954127550125,-0.0,0.0,-0.0,0.0,0.0,0.0,0.0,0.0,0.0,0.0,0.5219054222106934,1.73968505859375,1.73968505859375,1.73968505859375,1.73968505859375,0,0,0,0
0.0,0.0,0.0,0.0,0.0,0.0,0.0,0.0,0.0,-0.0,0.0,-0.0,0.0,0.0,-1.218745470046997,0.13578374683856964,-0.0,0.0,-0.0,0.0,0.0,0.0,0.0,0.0,0.0,0.0,0.5222451686859131,1.7408174276351929,1.7408174276351929,1.7408174276351929,1.7408174276351929,0,0,0,0
0.0,0.0,0.0,0.0,0.0,0.0,0.0,0.0,0.0,-0.0,0.0,-0.0,0.0,0.0,-1.2195335626602173,0.13589045405387878,-0.0,0.0,-0.0,0.0,0.0,0.0,0.0,0.0,0.0,0.0,0.5226556658744812,1.7421858310699463,1.7421858310699463,1.7421858310699463,1.7421858310699463,0,0,0,0
0.0,0.0,0.0,0.0,0.0,0.0,0.0,0.0,0.0,-0.0,0.0,-0.0,0.0,0.0,-1.2202677726745605,0.1360052525997162,-0.0,0.0,-0.0,0.0,0.0,0.0,0.0,0.0,0.0,0.0,0.5230971574783325,1.7436574697494507,1.7436574697494507,1.7436574697494507,1.7436574697494507,0,0,0,0
0.0,0.0,0.0,0.0,0.0,0.0,0.0,0.0,0.0,-0.0,0.0,-0.0,0.0,0.0,-1.2209852933883667,0.136097714304924,-0.0,0.0,-0.0,0.0,0.0,0.0,0.0,0.0,0.0,0.0,0.5234527587890625,1.7448426485061646,1.7448426485061646,1.7448426485061646,1.7448426485061646,0,0,0,0
0.0,0.0,0.0,0.0,0.0,0.0,0.0,0.0,0.0,-0.0,0.0,-0.0,0.0,0.0,-1.2217304706573486,0.13613566756248474,-0.0,0.0,-0.0,0.0,0.0,0.0,0.0,0.0,0.0,0.0,0.5235987901687622,1.7453292608261108,1.7453292608261108,1.7453292608261108,1.7453292608261108,0,0,0,0
0.0,0.0,0.0,0.0,0.0,0.0,0.0,0.0,0.0,-0.0,0.0,-0.0,0.0,0.0,-1.2225388288497925,0.1358802765607834,-0.0,0.0,0.0002239592868136242,0.0,0.0,0.0,0.0,0.0,0.0,0.0,0.5235987901687622,1.7453292608261108,1.7453292608261108,1.7453292608261108,1.7453292608261108,0,0,0,0
0.0,0.0,0.0,0.0,0.0,0.0,0.0,0.0,0.0,-0.0,0.0,-0.0,0.0,0.0,-1.2234148979187012,0.13519012928009033,-0.0,0.0,0.0008291698759421706,0.0,0.0,0.0,0.0,0.0,0.0,0.0,0.5235987901687622,1.7453292608261108,1.7453292608261108,1.7453292608261108,1.7453292608261108,0,0,0,0
0.0,0.0,0.0,0.0,0.0,0.0,0.0,0.0,0.0,-0.0,0.0,-0.0,0.0,0.0,-1.2243560552597046,0.1341792494058609,-0.0,0.0,0.0017156488029286265,0.0,0.0,0.0,0.0,0.0,0.0,0.0,0.5235987901687622,1.7453292608261108,1.7453292608261108,1.7453292608261108,1.7453292608261108,0,0,0,0
0.0,0.0,0.0,0.0,0.0,0.0,0.0,0.0,0.0,-0.0,0.0,-0.0,0.0,0.0,-1.2253656387329102,0.13294146955013275,-0.0,0.0,0.0028010953683406115,0.0,0.0,0.0,0.0,0.0,0.0,0.0,0.5235987901687622,1.7453292608261108,1.7453292608261108,1.7453292608261108,1.7453292608261108,0,0,0,0
0.0,0.0,0.0,0.0,0.0,0.0,0.0,0.0,0.0,-0.0,0.0,-0.0,0.0,0.0,-1.226532220840454,0.13133575022220612,-0.0,0.0,0.0042091961950063705,0.0,0.0,0.0,0.0,0.0,0.0,0.0,0.5235987901687622,1.7453292608261108,1.7453292608261108,1.7453292608261108,1.7453292608261108,0,0,0,0
0.0,0.0,0.0,0.0,0.0,0.0,0.0,0.0,0.0,-0.0,0.0,-0.0,0.0,0.0,-1.2279977798461914,0.129069522023201,-0.0,0.0,0.006196511909365654,0.0,0.0,0.0,0.0,0.0,0.0,0.0,0.5235987901687622,1.7453292608261108,1.7453292608261108,1.7453292608261108,1.7453292608261108,0,0,0,0
0.0,0.0,0.0,0.0,0.0,0.0,0.0,0.0,0.0,-0.0,0.0,-0.0,0.0,0.0,-1.2299034595489502,0.12585216760635376,-0.0,0.0,0.009017912670969963,0.0,0.0,0.0,0.0,0.0,0.0,0.0,0.5235987901687622,1.7453292608261108,1.7453292608261108,1.7453292608261108,1.7453292608261108,0,0,0,0
0.0,0.0,0.0,0.0,0.0,0.0,0.0,0.0,0.0,-0.0,0.0,-0.0,0.0,0.0,-1.2322520017623901,0.12166080623865128,-0.0,0.0,0.012693450786173344,0.0,0.0,0.0,0.0,0.0,0.0,0.0,0.5235987901687622,1.7453292608261108,1.7453292608261108,1.7453292608261108,1.7453292608261108,0,0,0,0
0.0,0.0,0.0,0.0,0.0,0.0,0.0,0.0,0.0,-0.0,0.0,-0.0,0.0,0.0,-1.2348324060440063,0.11688781529664993,-0.0,0.0,0.016879040747880936,0.0,0.0,0.0,0.0,0.0,0.0,0.0,0.5235987901687622,1.7453292608261108,1.7453292608261108,1.7453292608261108,1.7453292608261108,0,0,0,0
0.0,0.0,0.0,0.0,0.0,0.0,0.0,0.0,0.0,-0.0,0.0,-0.0,0.0,0.0,-1.237415075302124,0.11196109652519226,-0.0,0.0,0.021199434995651245,0.0,0.0,0.0,0.0,0.0,0.0,0.0,0.5235987901687622,1.7453292608261108,1.7453292608261108,1.7453292608261108,1.7453292608261108,0,0,0,0
0.0,0.0,0.0,0.0,0.0,0.0,0.0,0.0,0.0,-0.0,0.0,-0.0,0.0,0.0,-1.2398215532302856,0.10722004622220993,-0.0,0.0,0.02535700984299183,0.0,0.0,0.0,0.0,0.0,0.0,0.0,0.5235987901687622,1.7453292608261108,1.7453292608261108,1.7453292608261108,1.7453292608261108,0,0,0,0
0.0,0.0,0.0,0.0,0.0,0.0,0.0,0.0,0.0,-0.0,0.0,-0.0,0.0,0.0,-1.2420763969421387,0.10264971852302551,-0.0,0.0,0.029364872723817825,0.0,0.0,0.0,0.0,0.0,0.0,0.0,0.5235987901687622,1.7453292608261108,1.7453292608261108,1.7453292608261108,1.7453292608261108,0,0,0,0
0.0,0.0,0.0,0.0,0.0,0.0,0.0,0.0,0.0,-0.0,0.0,-0.0,0.0,0.0,-1.2442551851272583,0.09814649820327759,-0.0,0.0,0.03331390395760536,0.0,0.0,0.0,0.0,0.0,0.0,0.0,0.5235987901687622,1.7453292608261108,1.7453292608261108,1.7453292608261108,1.7453292608261108,0,0,0,0
0.0,0.0,0.0,0.0,0.0,0.0,0.0,0.0,0.0,-0.0,0.0,-0.0,0.0,0.0,-1.2464393377304077,0.0935896709561348,-0.0,0.0,0.0373099222779274,0.0,0.0,0.0,0.0,0.0,0.0,0.0,0.5235987901687622,1.7453292608261108,1.7453292608261108,1.7453292608261108,1.7453292608261108,0,0,0,0
0.0,0.0,0.0,0.0,0.0,0.0,0.0,0.0,0.0,-0.0,0.0,-0.0,0.0,0.0,-1.248780369758606,0.08865717798471451,-0.0,0.0,0.04163537546992302,0.0,0.0,0.0,0.0,0.0,0.0,0.0,0.5235987901687622,1.7453292608261108,1.7453292608261108,1.7453292608261108,1.7453292608261108,0,0,0,0
0.0,0.0,0.0,0.0,0.0,0.0,0.0,0.0,0.0,-0.0,0.0,-0.0,0.0,0.0,-1.2514746189117432,0.0828976109623909,-0.0,0.0,0.046686120331287384,0.0,0.0,0.0,0.0,0.0,0.0,0.0,0.5235987901687622,1.7453292608261108,1.7453292608261108,1.7453292608261108,1.7453292608261108,0,0,0,0
0.0,0.0,0.0,0.0,0.0,0.0,0.0,0.0,0.0,-0.0,0.0,-0.0,0.0,0.0,-1.2547160387039185,0.07586517930030823,-0.0,0.0,0.05285308137536049,0.0,0.0,0.0,0.0,0.0,0.0,0.0,0.5235987901687622,1.7453292608261108,1.7453292608261108,1.7453292608261108,1.7453292608261108,0,0,0,0
0.0,0.0,0.0,0.0,0.0,0.0,0.0,0.0,0.0,-0.0,0.0,-0.0,0.0,0.0,-1.2584941387176514,0.0675734132528305,-0.0,0.0,0.06012439727783203,0.0,0.0,0.0,0.0,0.0,0.0,0.0,0.5235987901687622,1.7453292608261108,1.7453292608261108,1.7453292608261108,1.7453292608261108,0,0,0,0
0.0,0.0,0.0,0.0,0.0,0.0,0.0,0.0,0.0,-0.0,0.0,-0.0,0.0,0.0,-1.2624810934066772,0.058749619871377945,-0.0,0.0,0.06786225736141205,0.0,0.0,0.0,0.0,0.0,0.0,0.0,0.5235987901687622,1.7453292608261108,1.7453292608261108,1.7453292608261108,1.7453292608261108,0,0,0,0
0.0,0.0,0.0,0.0,0.0,0.0,0.0,0.0,0.0,-0.0,0.0,-0.0,0.0,0.0,-1.2663224935531616,0.05018167197704315,-0.0,0.0,0.0753757581114769,0.0,0.0,0.0,0.0,0.0,0.0,0.0,0.5235987901687622,1.7453292608261108,1.7453292608261108,1.7453292608261108,1.7453292608261108,0,0,0,0
0.0,0.0,0.0,0.0,0.0,0.0,0.0,0.0,0.0,-0.0,0.0,-0.0,0.0,0.0,-1.269748330116272,0.04247256740927696,-0.0,0.0,0.0821361094713211,0.0,0.0,0.0,0.0,0.0,0.0,0.0,0.5235987901687622,1.7453292608261108,1.7453292608261108,1.7453292608261108,1.7453292608261108,0,0,0,0
0.0,0.0,0.0,0.0,0.0,0.0,0.0,0.0,0.0,-0.0,0.0,-0.0,0.0,0.0,-1.2728271484375,0.03548358008265495,-0.0,0.0,0.08826497197151184,0.0,0.0,0.0,0.0,0.0,0.0,0.0,0.5235987901687622,1.7453292608261108,1.7453292608261108,1.7453292608261108,1.7453292608261108,0,0,0,0
0.0,0.0,0.0,0.0,0.0,0.0,0.0,0.0,0.0,-0.0,0.0,-0.0,0.0,0.0,-1.2757129669189453,0.028890134766697884,-0.0,0.0,0.09404697269201279,0.0,0.0,0.0,0.0,0.0,0.0,0.0,0.5235987901687622,1.7453292608261108,1.7453292608261108,1.7453292608261108,1.7453292608261108,0,0,0,0
0.0,0.0,0.0,0.0,0.0,0.0,0.0,0.0,0.0,-0.0,0.0,-0.0,0.0,0.0,-1.2785618305206299,0.0223595779389143,-0.0,0.0,0.0997738242149353,0.0,0.0,0.0,0.0,0.0,0.0,0.0,0.5235987901687622,1.7453292608261108,1.7453292608261108,1.7453292608261108,1.7453292608261108,0,0,0,0
0.0,0.0,0.0,0.0,0.0,0.0,0.0,0.0,0.0,-0.0,0.0,-0.0,0.0,0.0,-1.2815622091293335,0.015456996858119965,-0.0,0.0,0.10582690685987473,0.0,0.0,0.0,0.0,0.0,0.0,0.0,0.5235987901687622,1.7453292608261108,1.7453292608261108,1.7453292608261108,1.7453292608261108,0,0,0,0
0.0,0.0,0.0,0.0,0.0,0.0,0.0,0.0,0.0,-0.0,0.0,-0.0,0.0,0.0,-1.2849235534667969,0.007682576309889555,-0.0,0.0,0.11264453828334808,0.0,0.0,0.0,0.0,0.0,0.0,0.0,0.5235987901687622,1.7453292608261108,1.7453292608261108,1.7453292608261108,1.7453292608261108,0,0,0,0
0.0,0.0,0.0,0.0,0.0,0.0,0.0,0.0,0.0,-0.0,0.0,-0.0,0.0,0.0,-1.2888513803482056,-0.0014553942019119859,-0.0,0.0,0.12065791338682175,0.0,0.0,0.0,0.0,0.0,0.0,0.0,0.5235987901687622,1.7453292608261108,1.7453292608261108,1.7453292608261108,1.7453292608261108,0,0,0,0
0.0,0.0,0.0,0.0,0.0,0.0,0.0,0.0,0.0,-0.0,0.0,-0.0,0.0,0.0,-1.2933213710784912,-0.011905405670404434,-0.0,0.0,0.12982185184955597,0.0,0.0,0.0,0.0,0.0,0.0,0.0,0.5235987901687622,1.7453292608261108,1.7453292608261108,1.7453292608261108,1.7453292608261108,0,0,0,0
0.0,0.0,0.0,0.0,0.0,0.0,0.0,0.0,0.0,-0.0,0.0,-0.0,0.0,0.0,-1.2979527711868286,-0.022771520540118217,-0.0,0.0,0.13935069739818573,0.0,0.0,0.0,0.0,0.0,0.0,0.0,0.5235987901687622,1.7453292608261108,1.7453292608261108,1.7453292608261108,1.7453292608261108,0,0,0,0
0.0,0.0,0.0,0.0,0.0,0.0,0.0,0.0,0.0,-0.0,0.0,-0.0,0.0,0.0,-1.3023337125778198,-0.033086225390434265,-0.0,0.0,0.14839598536491394,0.0,0.0,0.0,0.0,0.0,0.0,0.0,0.5235987901687622,1.7453292608261108,1.7453292608261108,1.7453292608261108,1.7453292608261108,0,0,0,0
0.0,0.0,0.0,0.0,0.0,0.0,0.0,0.0,0.0,-0.0,0.0,-0.0,0.0,0.0,-1.3061543703079224,-0.04211869090795517,-0.0,0.0,0.1563168317079544,0.0,0.0,0.0,0.0,0.0,0.0,0.0,0.5235987901687622,1.7453292608261108,1.7453292608261108,1.7453292608261108,1.7453292608261108,0,0,0,0
0.0,0.0,0.0,0.0,0.0,0.0,0.0,0.0,0.0,-0.0,0.0,-0.0,0.0,0.0,-1.3095109462738037,-0.050087638199329376,-0.0,0.0,0.16330504417419434,0.0,0.0,0.0,0.0,0.0,0.0,0.0,0.5235987901687622,1.7453292608261108,1.7453292608261108,1.7453292608261108,1.7453292608261108,0,0,0,0
0.0,0.0,0.0,0.0,0.0,0.0,0.0,0.0,0.0,-0.0,0.0,-0.0,0.0,0.0,-1.312601923942566,-0.05744963511824608,-0.0,0.0,0.16976100206375122,0.0,0.0,0.0,0.0,0.0,0.0,0.0,0.5235987901687622,1.7453292608261108,1.7453292608261108,1.7453292608261108,1.7453292608261108,0,0,0,0
0.0,0.0,0.0,0.0,0.0,0.0,0.0,0.0,0.0,-0.0,0.0,-0.0,0.0,0.0,-1.315624475479126,-0.06466079503297806,-0.0,0.0,0.1760846972465515,0.0,0.0,0.0,0.0,0.0,0.0,0.0,0.5235987901687622,1.7453292608261108,1.7453292608261108,1.7453292608261108,1.7453292608261108,0,0,0,0
0.0,0.0,0.0,0.0,0.0,0.0,0.0,0.0,0.0,-0.0,0.0,-0.0,0.0,0.0,-1.3187710046768188,-0.07218136638402939,-0.0,0.0,0.18267974257469177,0.0,0.0,0.0,0.0,0.0,0.0,0.0,0.5235987901687622,1.7453292608261108,1.7453292608261108,1.7453292608261108,1.7453292608261108,0,0,0,0
0.0,0.0,0.0,0.0,0.0,0.0,0.0,0.0,0.0,-0.0,0.0,-0.0,0.0,0.0,-1.3222308158874512,-0.08047302812337875,-0.0,0.0,0.18995095789432526,0.0,0.0,0.0,0.0,0.0,0.0,0.0,0.5235987901687622,1.7453292608261108,1.7453292608261108,1.7453292608261108,1.7453292608261108,0,0,0,0
0.0,0.0,0.0,0.0,0.0,0.0,0.0,0.0,0.0,-0.0,0.0,-0.0,0.0,0.0,-1.3261889219284058,-0.08998854458332062,-0.0,0.0,0.19829542934894562,0.0,0.0,0.0,0.0,0.0,0.0,0.0,0.5235987901687622,1.7453292608261108,1.7453292608261108,1.7453292608261108,1.7453292608261108,0,0,0,0
0.0,0.0,0.0,0.0,0.0,0.0,0.0,0.0,0.0,-0.0,0.0,-0.0,0.0,0.0,-1.3306117057800293,-0.10064983367919922,-0.0,0.0,0.20764465630054474,0.0,0.0,0.0,0.0,0.0,0.0,0.0,0.5235987901687622,1.7453292608261108,1.7453292608261108,1.7453292608261108,1.7453292608261108,0,0,0,0
0.0,0.0,0.0,0.0,0.0,0.0,0.0,0.0,0.0,-0.0,0.0,-0.0,0.0,0.0,-1.3351259231567383,-0.11155349761247635,-0.0,0.0,0.2172064334154129,0.0,0.0,0.0,0.0,0.0,0.0,0.0,0.5235987901687622,1.7453292608261108,1.7453292608261108,1.7453292608261108,1.7453292608261108,0,0,0,0
0.0,0.0,0.0,0.0,0.0,0.0,0.0,0.0,0.0,-0.0,0.0,-0.0,0.0,0.0,-1.3393292427062988,-0.12172621488571167,-0.0,0.0,0.22612720727920532,0.0,0.0,0.0,0.0,0.0,0.0,0.0,0.5235987901687622,1.7453292608261108,1.7453292608261108,1.7453292608261108,1.7453292608261108,0,0,0,0
0.0,0.0,0.0,0.0,0.0,0.0,0.0,0.0,0.0,-0.0,0.0,-0.0,0.0,0.0,-1.3429213762283325,-0.13043981790542603,-0.0,0.0,0.23376843333244324,0.0,0.0,0.0,0.0,0.0,0.0,0.0,0.5235987901687622,1.7453292608261108,1.7453292608261108,1.7453292608261108,1.7453292608261108,0,0,0,0
0.0,0.0,0.0,0.0,0.0,0.0,0.0,0.0,0.0,-0.0,0.0,-0.0,0.0,0.0,-1.3460094928741455,-0.13794952630996704,-0.0,0.0,0.24035392701625824,0.0,0.0,0.0,0.0,0.0,0.0,0.0,0.5235987901687622,1.7453292608261108,1.7453292608261108,1.7453292608261108,1.7453292608261108,0,0,0,0
0.0,0.0,0.0,0.0,0.0,0.0,0.0,0.0,0.0,-0.0,0.0,-0.0,0.0,0.0,-1.3488032817840576,-0.14475688338279724,-0.0,0.0,0.24632349610328674,0.0,0.0,0.0,0.0,0.0,0.0,0.0,0.5235987901687622,1.7453292608261108,1.7453292608261108,1.7453292608261108,1.7453292608261108,0,0,0,0
0.0,0.0,0.0,0.0,0.0,0.0,0.0,0.0,0.0,-0.0,0.0,-0.0,0.0,0.0,-1.3515081405639648,-0.15135453641414642,-0.0,0.0,0.25210919976234436,0.0,0.0,0.0,0.0,0.0,0.0,0.0,0.5235987901687622,1.7453292608261108,1.7453292608261108,1.7453292608261108,1.7453292608261108,0,0,0,0
0.0,0.0,0.0,0.0,0.0,0.0,0.0,0.0,0.0,-0.0,0.0,-0.0,0.0,0.0,-1.3542876243591309,-0.15814092755317688,-0.0,0.0,0.25806039571762085,0.0,0.0,0.0,0.0,0.0,0.0,0.0,0.5235987901687622,1.7453292608261108,1.7453292608261108,1.7453292608261108,1.7453292608261108,0,0,0,0
0.0,0.0,0.0,0.0,0.0,0.0,0.0,0.0,0.0,-0.0,0.0,-0.0,0.0,0.0,-1.357277274131775,-0.16545261442661285,-0.0,0.0,0.26447224617004395,0.0,0.0,0.0,0.0,0.0,0.0,0.0,0.5235987901687622,1.7453292608261108,1.7453292608261108,1.7453292608261108,1.7453292608261108,0,0,0,0
0.0,0.0,0.0,0.0,0.0,0.0,0.0,0.0,0.0,-0.0,0.0,-0.0,0.0,0.0,-1.360609531402588,-0.17361797392368317,-0.0,0.0,0.27163276076316833,0.0,0.0,0.0,0.0,0.0,0.0,0.0,0.5235987901687622,1.7453292608261108,1.7453292608261108,1.7453292608261108,1.7453292608261108,0,0,0,0
0.0,0.0,0.0,0.0,0.0,0.0,0.0,0.0,0.0,-0.0,0.0,-0.0,0.0,0.0,-1.364245891571045,-0.18254362046718597,-0.0,0.0,0.27945995330810547,0.0,0.0,0.0,0.0,0.0,0.0,0.0,0.5235987901687622,1.7453292608261108,1.7453292608261108,1.7453292608261108,1.7453292608261108,0,0,0,0
0.0,0.0,0.0,0.0,0.0,0.0,0.0,0.0,0.0,-0.0,0.0,-0.0,0.0,0.0,-1.3678818941116333,-0.19147995114326477,-0.0,0.0,0.2872965335845947,0.0,0.0,0.0,0.0,0.0,0.0,0.0,0.5235987901687622,1.7453292608261108,1.7453292608261108,1.7453292608261108,1.7453292608261108,0,0,0,0
0.0,0.0,0.0,0.0,0.0,0.0,0.0,0.0,0.0,-0.0,0.0,-0.0,0.0,0.0,-1.3711906671524048,-0.19962197542190552,-0.0,0.0,0.294436514377594,0.0,0.0,0.0,0.0,0.0,0.0,0.0,0.5235987901687622,1.7453292608261108,1.7453292608261108,1.7453292608261108,1.7453292608261108,0,0,0,0
0.0,0.0,0.0,0.0,0.0,0.0,0.0,0.0,0.0,-0.0,0.0,-0.0,0.0,0.0,-1.3739306926727295,-0.20637476444244385,-0.0,0.0,0.30035820603370667,0.0,0.0,0.0,0.0,0.0,0.0,0.0,0.5235987901687622,1.7453292608261108,1.7453292608261108,1.7453292608261108,1.7453292608261108,0,0,0,0
0.0,0.0,0.0,0.0,0.0,0.0,0.0,0.0,0.0,-0.0,0.0,-0.0,0.0,0.0,-1.376204013824463,-0.21198628842830658,-0.0,0.0,0.30527907609939575,0.0,0.0,0.0,0.0,0.0,0.0,0.0,0.5235987901687622,1.7453292608261108,1.7453292608261108,1.7453292608261108,1.7453292608261108,0,0,0,0
0.0,0.0,0.0,0.0,0.0,0.0,0.0,0.0,0.0,-0.0,0.0,-0.0,0.0,0.0,-1.3781981468200684,-0.21691559255123138,-0.0,0.0,0.30960166454315186,0.0,0.0,0.0,0.0,0.0,0.0,0.0,0.5235987901687622,1.7453292608261108,1.7453292608261108,1.7453292608261108,1.7453292608261108,0,0,0,0
0.0,0.0,0.0,0.0,0.0,0.0,0.0,0.0,0.0,-0.0,0.0,-0.0,0.0,0.0,-1.3800934553146362,-0.22160455584526062,-0.0,0.0,0.31371361017227173,0.0,0.0,0.0,0.0,0.0,0.0,0.0,0.5235987901687622,1.7453292608261108,1.7453292608261108,1.7453292608261108,1.7453292608261108,0,0,0,0
0.0,0.0,0.0,0.0,0.0,0.0,0.0,0.0,0.0,-0.0,0.0,-0.0,0.0,0.0,-1.3819917440414429,-0.22630351781845093,-0.0,0.0,0.3178342580795288,0.0,0.0,0.0,0.0,0.0,0.0,0.0,0.5235987901687622,1.7453292608261108,1.7453292608261108,1.7453292608261108,1.7453292608261108,0,0,0,0
0.0,0.0,0.0,0.0,0.0,0.0,0.0,0.0,0.0,-0.0,0.0,-0.0,0.0,0.0,-1.3839428424835205,-0.23113827407360077,-0.0,0.0,0.3220740258693695,0.0,0.0,0.0,0.0,0.0,0.0,0.0,0.5235987901687622,1.7453292608261108,1.7453292608261108,1.7453292608261108,1.7453292608261108,0,0,0,0
0.0,0.0,0.0,0.0,0.0,0.0,0.0,0.0,0.0,-0.0,0.0,-0.0,0.0,0.0,-1.385994553565979,-0.236228808760643,-0.0,0.0,0.3265380859375,0.0,0.0,0.0,0.0,0.0,0.0,0.0,0.5235987901687622,1.7453292608261108,1.7453292608261108,1.7453292608261108,1.7453292608261108,0,0,0,0
0.0,0.0,0.0,0.0,0.0,0.0,0.0,0.0,0.0,-0.0,0.0,-0.0,0.0,0.0,-1.388107180595398,-0.24147643148899078,-0.0,0.0,0.3311399221420288,0.0,0.0,0.0,0.0,0.0,0.0,0.0,0.5235987901687622,1.7453292608261108,1.7453292608261108,1.7453292608261108,1.7453292608261108,0,0,0,0
0.0,0.0,0.0,0.0,0.0,0.0,0.0,0.0,0.0,-0.0,0.0,-0.0,0.0,0.0,-1.3901044130325317,-0.24644191563129425,-0.0,0.0,0.3354942500591278,0.0,0.0,0.0,0.0,0.0,0.0,0.0,0.5235987901687622,1.7453292608261108,1.7453292608261108,1.7453292608261108,1.7453292608261108,0,0,0,0
0.0,0.0,0.0,0.0,0.0,0.0,0.0,0.0,0.0,-0.0,0.0,-0.0,0.0,0.0,-1.391798496246338,-0.25065726041793823,-0.0,0.0,0.33919084072113037,0.0,0.0,0.0,0.0,0.0,0.0,0.0,0.5235987901687622,1.7453292608261108,1.7453292608261108,1.7453292608261108,1.7453292608261108,0,0,0,0
0.0,0.0,0.0,0.0,0.0,0.0,0.0,0.0,0.0,-0.0,0.0,-0.0,0.0,0.0,-1.3930565118789673,-0.2537902891635895,-0.0,0.0,0.3419383466243744,0.0,0.0,0.0,0.0,0.0,0.0,0.0,0.5235987901687622,1.7453292608261108,1.7453292608261108,1.7453292608261108,1.7453292608261108,0,0,0,0
0.0,0.0,0.0,0.0,0.0,0.0,0.0,0.0,0.0,-0.0,0.0,-0.0,0.0,0.0,-1.3939640522003174,-0.25605350732803345,-0.0,0.0,0.34392300248146057,0.0,0.0,0.0,0.0,0.0,0.0,0.0,0.5235987901687622,1.7453292608261108,1.7453292608261108,1.7453292608261108,1.7453292608261108,0,0,0,0
0.0,0.0,0.0,0.0,0.0,0.0,0.0,0.0,0.0,-0.0,0.0,-0.0,0.0,0.0,-1.3946616649627686,-0.25779539346694946,-0.0,0.0,0.34545058012008667,0.0,0.0,0.0,0.0,0.0,0.0,0.0,0.5235987901687622,1.7453292608261108,1.7453292608261108,1.7453292608261108,1.7453292608261108,0,0,0,0
0.0,0.0,0.0,0.0,0.0,0.0,0.0,0.0,0.0,-0.0,0.0,-0.0,0.0,0.0,-1.395277738571167,-0.2593351900577545,-0.0,0.0,0.34680089354515076,0.0,0.0,0.0,0.0,0.0,0.0,0.0,0.5235987901687622,1.7453292608261108,1.7453292608261108,1.7453292608261108,1.7453292608261108,0,0,0,0
0.0,0.0,0.0,0.0,0.0,0.0,0.0,0.0,0.0,-0.0,0.0,-0.0,0.0,0.0,-1.3958039283752441,-0.26065030694007874,-0.0,0.0,0.3479540944099426,0.0,0.0,0.0,0.0,0.0,0.0,0.0,0.5235987901687622,1.7453292608261108,1.7453292608261108,1.7453292608261108,1.7453292608261108,0,0,0,0
0.0,0.0,0.0,0.0,0.0,0.0,0.0,0.0,0.0,-0.0,0.0,-0.0,0.0,0.0,-1.3961427211761475,-0.2614976465702057,-0.0,0.0,0.34869709610939026,0.0,0.0,0.0,0.0,0.0,0.0,0.0,0.5235987901687622,1.7453292608261108,1.7453292608261108,1.7453292608261108,1.7453292608261108,0,0,0,0
0.0,0.0,0.0,0.0,0.0,0.0,0.0,0.0,0.0,-0.0,0.0,-0.0,0.0,0.0,-1.3962160348892212,-0.2616807818412781,-0.0,0.0,0.34885770082473755,0.0,0.0,0.0,0.0,0.0,0.0,0.0,0.5235987901687622,1.7453292608261108,1.7453292608261108,1.7453292608261108,1.7453292608261108,0,0,0,0
0.0,0.0,0.0,0.0,0.0,0.0,0.0,0.0,0.0,-0.0,0.0,-0.0,0.0,0.0,-1.3962160348892212,-0.2616807818412781,-0.0,0.0,0.34885770082473755,0.0,0.0,0.0,0.0,0.0,0.0,0.0,0.5235987901687622,1.7453292608261108,1.7453292608261108,1.7453292608261108,1.7453292608261108,0,0,0,0
0.0,0.0,0.0,0.0,0.0,0.0,0.0,0.0,0.0,-0.0,0.0,-0.0,0.0,0.0,-1.3962160348892212,-0.2616807818412781,-0.0,0.0,0.34885770082473755,0.0,0.0,0.0,0.0,0.0,0.0,0.0,0.5235987901687622,1.7453292608261108,1.7453292608261108,1.7453292608261108,1.7453292608261108,0,0,0,0
