0.0,0.0,0.0,0.0,0.0,0.0,0.0,0.0,0.0,-0.0,0.0,-0.0,0.0,0.0,-1.3962633609771729,-0.4363323152065277,-0.0,0.0,0.3490658402442932,0.0,0.0,0.0,0.0,0.0,0.0,0.0,0.5235987901687622,1.7453292608261108,1.7453292608261108,1.7453292608261108,1.7453292608261108,0,0,0,0
0.0,0.0,0.0,0.0,0.0,0.0,0.0,0.0,0.0,-0.0,0.0,-0.0,0.0,0.0,-1.3962340354919434,-0.43623629212379456,-0.0,0.0,0.34904563426971436,-0.00010447453678352758,-8.867307769833133e-05,0.0,0.0,0.0,0.0,0.0,0.5235987901687622,1.7453292608261108,1.7453292608261108,1.7453292608261108,1.7453292608261108,0,0,0,0
0.0,0.0,0.0,0.0,0.0,0.0,0.0,0.0,0.0,-0.0,0.0,-0.0,0.0,0.0,-1.3961468935012817,-0.4359501600265503,-0.0,0.0,0.3489854633808136,-0.0004157995863351971,-0.0003529111563693732,0.0,0.0,0.0,0.0,0.0,0.5235987901687622,1.7453292608261108,1.7453292608261108,1.7453292608261108,1.7453292608261108,0,0,0,0
0.0,0.0,0.0,0.0,0.0,0.0,0.0,0.0,0.0,-0.0,0.0,-0.0,0.0,0.0,-1.3960026502609253,-0.43547680974006653,-0.0,0.0,0.3488859236240387,-0.0009308271110057831,-0.0007900423370301723,0.0,0.0,0.0,0.0,0.0,0.5235987901687622,1.7453292608261108,1.7453292608261108,1.7453292608261108,1.7453292608261108,0,0,0,0
0.0,0.0,0.0,0.0,0.0,0.0,0.0,0.0,0.0,-0.0,0.0,-0.0,0.0,0.0,-1.3958022594451904,-0.43481916189193726,-0.0,0.0,0.3487476408481598,-0.0016464098589494824,-0.0013973952736705542,0.0,0.0,0.0,0.0,0.0,0.5235987901687622,1.7453292608261108,1.7453292608261108,1.7453292608261108,1.7453292608261108,0,0,0,0
0.0,0.0,0.0,0.0,0.0,0.0,0.0,0.0,0.0,-0.0,0.0,-0.0,0.0,0.0,-1.395546555519104,-0.4339800477027893,-0.0,0.0,0.34857115149497986,-0.0025593992322683334,-0.00217229756526649,0.0,0.0,0.0,0.0,0.0,0.5235987901687622,1.7453292608261108,1.7453292608261108,1.7453292608261108,1.7453292608261108,0,0,0,0
0.0,0.0,0.0,0.0,0.0,0.0,0.0,0.0,0.0,-0.0,0.0,-0.0,0.0,0.0,-1.3952363729476929,-0.4329623878002167,-0.0,0.0,0.3483571708202362,-0.0036666474770754576,-0.0031120777130126953,0.0,0.0,0.0,0.0,0.0,0.5235987901687622,1.7453292608261108,1.7453292608261108,1.7453292608261108,1.7453292608261108,0,0,0,0
0.0,0.0,0.0,0.0,0.0,0.0,0.0,0.0,0.0,-0.0,0.0,-0.0,0.0,0.0,-1.394872784614563,-0.43176910281181335,-0.0,0.0,0.3481062054634094,-0.004965007305145264,-0.004214064218103886,0.0,0.0,0.0,0.0,0.0,0.5235987901687622,1.7453292608261108,1.7453292608261108,1.7453292608261108,1.7453292608261108,0,0,0,0
0.0,0.0,0.0,0.0,0.0,0.0,0.0,0.0,0.0,-0.0,0.0,-0.0,0.0,0.0,-1.3944565057754517,-0.43040308356285095,-0.0,0.0,0.34781894087791443,-0.006451331544667482,-0.00547558581456542,0.0,0.0,0.0,0.0,0.0,0.5235987901687622,1.7453292608261108,1.7453292608261108,1.7453292608261108,1.7453292608261108,0,0,0,0
0.0,0.0,0.0,0.0,0.0,0.0,0.0,0.0,0.0,-0.0,0.0,-0.0,0.0,0.0,-1.3939884901046753,-0.4288671910762787,-0.0,0.0,0.3474959135055542,-0.008122471161186695,-0.006893969606608152,0.0,0.0,0.0,0.0,0.0,0.5235987901687622,1.7453292608261108,1.7453292608261108,1.7453292608261108,1.7453292608261108,0,0,0,0
0.0,0.0,0.0,0.0,0.0,0.0,0.0,0.0,0.0,-0.0,0.0,-0.0,0.0,0.0,-1.3934695720672607,-0.42716434597969055,-0.0,0.0,0.34713780879974365,-0.009975275956094265,-0.008466541767120361,0.0,0.0,0.0,0.0,0.0,0.5235987901687622,1.7453292608261108,1.7453292608261108,1.7453292608261108,1.7453292608261108,0,0,0,0
0.0,0.0,0.0,0.0,0.0,0.0,0.0,0.0,0.0,-0.0,0.0,-0.0,0.0,0.0,-1.3929005861282349,-0.42529740929603577,-0.0,0.0,0.34674522280693054,-0.012006602250039577,-0.010190635919570923,0.0,0.0,0.0,0.0,0.0,0.5235987901687622,1.7453292608261108,1.7453292608261108,1.7453292608261108,1.7453292608261108,0,0,0,0
0.0,0.0,0.0,0.0,0.0,0.0,0.0,0.0,0.0,-0.0,0.0,-0.0,0.0,0.0,-1.392282485961914,-0.4232693314552307,-0.0,0.0,0.34631872177124023,-0.014213301241397858,-0.012063577771186829,0.0,0.0,0.0,0.0,0.0,0.5235987901687622,1.7453292608261108,1.7453292608261108,1.7453292608261108,1.7453292608261108,0,0,0,0
0.0,0.0,0.0,0.0,0.0,0.0,0.0,0.0,0.0,-0.0,0.0,-0.0,0.0,0.0,-1.3916162252426147,-0.4210829436779022,-0.0,0.0,0.3458589017391205,-0.016592226922512054,-0.014082696288824081,0.0,0.0,0.0,0.0,0.0,0.5235987901687622,1.7453292608261108,1.7453292608261108,1.7453292608261108,1.7453292608261108,0,0,0,0
0.0,0.0,0.0,0.0,0.0,0.0,0.0,0.0,0.0,-0.0,0.0,-0.0,0.0,0.0,-1.3909025192260742,-0.4187411963939667,-0.0,0.0,0.3453664183616638,-0.019140224903821945,-0.016245314851403236,0.0,0.0,0.0,0.0,0.0,0.5235987901687622,1.7453292608261108,1.7453292608261108,1.7453292608261108,1.7453292608261108,0,0,0,0
0.0,0.0,0.0,0.0,0.0,0.0,0.0,0.0,0.0,-0.0,0.0,-0.0,0.0,0.0,-1.3901424407958984,-0.4162469506263733,-0.0,0.0,0.344841867685318,-0.021854152902960777,-0.018548766151070595,0.0,0.0,0.0,0.0,0.0,0.5235987901687622,1.7453292608261108,1.7453292608261108,1.7453292608261108,1.7453292608261108,0,0,0,0
0.0,0.0,0.0,0.0,0.0,0.0,0.0,0.0,0.0,-0.0,0.0,-0.0,0.0,0.0,-1.3893367052078247,-0.4136030673980713,-0.0,0.0,0.34428590536117554,-0.0247308649122715,-0.020990382879972458,0.0,0.0,0.0,0.0,0.0,0.5235987901687622,1.7453292608261108,1.7453292608261108,1.7453292608261108,1.7453292608261108,0,0,0,0
0.0,0.0,0.0,0.0,0.0,0.0,0.0,0.0,0.0,-0.0,0.0,-0.0,0.0,0.0,-1.388486385345459,-0.41081252694129944,-0.0,0.0,0.34369900822639465,-0.027767201885581017,-0.023567480966448784,0.0,0.0,0.0,0.0,0.0,0.5235987901687622,1.7453292608261108,1.7453292608261108,1.7453292608261108,1.7453292608261108,0,0,0,0
0.0,0.0,0.0,0.0,0.0,0.0,0.0,0.0,0.0,-0.0,0.0,-0.0,0.0,0.0,-1.3875919580459595,-0.4078781306743622,-0.0,0.0,0.34308192133903503,-0.03096003457903862,-0.02627740241587162,0.0,0.0,0.0,0.0,0.0,0.5235987901687622,1.7453292608261108,1.7453292608261108,1.7453292608261108,1.7453292608261108,0,0,0,0
0.0,0.0,0.0,0.0,0.0,0.0,0.0,0.0,0.0,-0.0,0.0,-0.0,0.0,0.0,-1.3866548538208008,-0.4048028588294983,-0.0,0.0,0.34243518114089966,-0.03430619463324547,-0.029117465019226074,0.0,0.0,0.0,0.0,0.0,0.5235987901687622,1.7453292608261108,1.7453292608261108,1.7453292608261108,1.7453292608261108,0,0,0,0
0.0,0.0,0.0,0.0,0.0,0.0,0.0,0.0,0.0,-0.0,0.0,-0.0,0.0,0.0,-1.3856756687164307,-0.4015895128250122,-0.0,0.0,0.34175941348075867,-0.037802547216415405,-0.03208499401807785,0.0,0.0,0.0,0.0,0.0,0.5235987901687622,1.7453292608261108,1.7453292608261108,1.7453292608261108,1.7453292608261108,0,0,0,0
0.0,0.0,0.0,0.0,0.0,0.0,0.0,0.0,0.0,-0.0,0.0,-0.0,0.0,0.0,-1.3846551179885864,-0.3982410430908203,-0.0,0.0,0.3410552442073822,-0.04144594445824623,-0.03517733886837959,0.0,0.0,0.0,0.0,0.0,0.5235987901687622,1.7453292608261108,1.7453292608261108,1.7453292608261108,1.7453292608261108,0,0,0,0
0.0,0.0,0.0,0.0,0.0,0.0,0.0,0.0,0.0,-0.0,0.0,-0.0,0.0,0.0,-1.383594274520874,-0.3947603702545166,-0.0,0.0,0.34032320976257324,-0.04523322731256485,-0.038391806185245514,0.0,0.0,0.0,0.0,0.0,0.5235987901687622,1.7453292608261108,1.7453292608261108,1.7453292608261108,1.7453292608261108,0,0,0,0
0.0,0.0,0.0,0.0,0.0,0.0,0.0,0.0,0.0,-0.0,0.0,-0.0,0.0,0.0,-1.3824942111968994,-0.3911503255367279,-0.0,0.0,0.3395639955997467,-0.049161266535520554,-0.04172573611140251,0.0,0.0,0.0,0.0,0.0,0.5235987901687622,1.7453292608261108,1.7453292608261108,1.7453292608261108,1.7453292608261108,0,0,0,0
0.0,0.0,0.0,0.0,0.0,0.0,0.0,0.0,0.0,-0.0,0.0,-0.0,0.0,0.0,-1.3813554048538208,-0.38741379976272583,-0.0,0.0,0.33877819776535034,-0.05322689563035965,-0.04517644643783569,0.0,0.0,0.0,0.0,0.0,0.5235987901687622,1.7453292608261108,1.7453292608261108,1.7453292608261108,1.7453292608261108,0,0,0,0
0.0,0.0,0.0,0.0,0.0,0.0,0.0,0.0,0.0,-0.0,0.0,-0.0,0.0,0.0,-1.3801790475845337,-0.38355377316474915,-0.0,0.0,0.3379664123058319,-0.05742698535323143,-0.04874127358198166,0.0,0.0,0.0,0.0,0.0,0.5235987901687622,1.7453292608261108,1.7453292608261108,1.7453292608261108,1.7453292608261108,0,0,0,0
0.0,0.0,0.0,0.0,0.0,0.0,0.0,0.0,0.0,-0.0,0.0,-0.0,0.0,0.0,-1.378965973854065,-0.3795730471611023,-0.0,0.0,0.33712923526763916,-0.061758365482091904,-0.052417539060115814,0.0,0.0,0.0,0.0,0.0,0.5235987901687622,1.7453292608261108,1.7453292608261108,1.7453292608261108,1.7453292608261108,0,0,0,0
0.0,0.0,0.0,0.0,0.0,0.0,0.0,0.0,0.0,-0.0,0.0,-0.0,0.0,0.0,-1.3777168989181519,-0.37547457218170166,-0.0,0.0,0.3362673223018646,-0.06621790677309036,-0.056202586740255356,0.0,0.0,0.0,0.0,0.0,0.5235987901687622,1.7453292608261108,1.7453292608261108,1.7453292608261108,1.7453292608261108,0,0,0,0
0.0,0.0,0.0,0.0,0.0,0.0,0.0,0.0,0.0,-0.0,0.0,-0.0,0.0,0.0,-1.3764327764511108,-0.37126120924949646,-0.0,0.0,0.33538123965263367,-0.07080243527889252,-0.0600937083363533,0.0,0.0,0.0,0.0,0.0,0.5235987901687622,1.7453292608261108,1.7453292608261108,1.7453292608261108,1.7453292608261108,0,0,0,0
0.0,0.0,0.0,0.0,0.0,0.0,0.0,0.0,0.0,-0.0,0.0,-0.0,0.0,0.0,-1.3751146793365479,-0.3669358491897583,-0.0,0.0,0.33447155356407166,-0.07550884783267975,-0.06408828496932983,0.0,0.0,0.0,0.0,0.0,0.5235987901687622,1.7453292608261108,1.7453292608261108,1.7453292608261108,1.7453292608261108,0,0,0,0
0.0,0.0,0.0,0.0,0.0,0.0,0.0,0.0,0.0,-0.0,0.0,-0.0,0.0,0.0,-1.3737633228302002,-0.3625014126300812,-0.0,0.0,0.3335389792919159,-0.08033397048711777,-0.06818360835313797,0.0,0.0,0.0,0.0,0.0,0.5235987901687622,1.7453292608261108,1.7453292608261108,1.7453292608261108,1.7453292608261108,0,0,0,0
0.0,0.0,0.0,0.0,0.0,0.0,0.0,0.0,0.0,-0.0,0.0,-0.0,0.0,0.0,-1.3723794221878052,-0.3579607605934143,-0.0,0.0,0.33258405327796936,-0.08527465909719467,-0.07237701863050461,0.0,0.0,0.0,0.0,0.0,0.5235987901687622,1.7453292608261108,1.7453292608261108,1.7453292608261108,1.7453292608261108,0,0,0,0
0.0,0.0,0.0,0.0,0.0,0.0,0.0,0.0,0.0,-0.0,0.0,-0.0,0.0,0.0,-1.3709641695022583,-0.3533168435096741,-0.0,0.0,0.3316074013710022,-0.09032776206731796,-0.07666584849357605,0.0,0.0,0.0,0.0,0.0,0.5235987901687622,1.7453292608261108,1.7453292608261108,1.7453292608261108,1.7453292608261108,0,0,0,0
0.0,0.0,0.0,0.0,0.0,0.0,0.0,0.0,0.0,-0.0,0.0,-0.0,0.0,0.0,-1.3695181608200073,-0.3485724925994873,-0.0,0.0,0.33060961961746216,-0.09549010545015335,-0.08104739338159561,0.0,0.0,0.0,0.0,0.0,0.5235987901687622,1.7453292608261108,1.7453292608261108,1.7453292608261108,1.7453292608261108,0,0,0,0
0.0,0.0,0.0,0.0,0.0,0.0,0.0,0.0,0.0,-0.0,0.0,-0.0,0.0,0.0,-1.3680425882339478,-0.343730628490448,-0.0,0.0,0.3295913636684418,-0.10075858235359192,-0.08551903069019318,0.0,0.0,0.0,0.0,0.0,0.5235987901687622,1.7453292608261108,1.7453292608261108,1.7453292608261108,1.7453292608261108,0,0,0,0
0.0,0.0,0.0,0.0,0.0,0.0,0.0,0.0,0.0,-0.0,0.0,-0.0,0.0,0.0,-1.366538166999817,-0.33879414200782776,-0.0,0.0,0.32855314016342163,-0.10613003373146057,-0.09007804095745087,0.0,0.0,0.0,0.0,0.0,0.5235987901687622,1.7453292608261108,1.7453292608261108,1.7453292608261108,1.7453292608261108,0,0,0,0
0.0,0.0,0.0,0.0,0.0,0.0,0.0,0.0,0.0,-0.0,0.0,-0.0,0.0,0.0,-1.3650057315826416,-0.3337659239768982,-0.0,0.0,0.32749566435813904,-0.1116013452410698,-0.09472181648015976,0.0,0.0,0.0,0.0,0.0,0.5235987901687622,1.7453292608261108,1.7453292608261108,1.7453292608261108,1.7453292608261108,0,0,0,0
0.0,0.0,0.0,0.0,0.0,0.0,0.0,0.0,0.0,-0.0,0.0,-0.0,0.0,0.0,-1.3634462356567383,-0.3286488652229309,-0.0,0.0,0.32641950249671936,-0.11716927587985992,-0.09944760799407959,0.0,0.0,0.0,0.0,0.0,0.5235987901687622,1.7453292608261108,1.7453292608261108,1.7453292608261108,1.7453292608261108,0,0,0,0
0.0,0.0,0.0,0.0,0.0,0.0,0.0,0.0,0.0,-0.0,0.0,-0.0,0.0,0.0,-1.3618605136871338,-0.3234459161758423,-0.0,0.0,0.32532528042793274,-0.12283074110746384,-0.10425277799367905,0.0,0.0,0.0,0.0,0.0,0.5235987901687622,1.7453292608261108,1.7453292608261108,1.7453292608261108,1.7453292608261108,0,0,0,0
0.0,0.0,0.0,0.0,0.0,0.0,0.0,0.0,0.0,-0.0,0.0,-0.0,0.0,0.0,-1.3602495193481445,-0.3181598484516144,-0.0,0.0,0.32421356439590454,-0.12858262658119202,-0.10913468152284622,0.0,0.0,0.0,0.0,0.0,0.5235987901687622,1.7453292608261108,1.7453292608261108,1.7453292608261108,1.7453292608261108,0,0,0,0
0.0,0.0,0.0,0.0,0.0,0.0,0.0,0.0,0.0,-0.0,0.0,-0.0,0.0,0.0,-1.3586140871047974,-0.31279364228248596,-0.0,0.0,0.3230849802494049,-0.1344217211008072,-0.11409060657024384,0.0,0.0,0.0,0.0,0.0,0.5235987901687622,1.7453292608261108,1.7453292608261108,1.7453292608261108,1.7453292608261108,0,0,0,0
0.0,0.0,0.0,0.0,0.0,0.0,0.0,0.0,0.0,-0.0,0.0,-0.0,0.0,0.0,-1.3569550514221191,-0.30735018849372864,-0.0,0.0,0.321940153837204,-0.14034490287303925,-0.11911793053150177,0.0,0.0,0.0,0.0,0.0,0.5235987901687622,1.7453292608261108,1.7453292608261108,1.7453292608261108,1.7453292608261108,0,0,0,0
0.0,0.0,0.0,0.0,0.0,0.0,0.0,0.0,0.0,-0.0,0.0,-0.0,0.0,0.0,-1.3552733659744263,-0.3018323481082916,-0.0,0.0,0.3207796812057495,-0.1463490128517151,-0.12421391904354095,0.0,0.0,0.0,0.0,0.0,0.5235987901687622,1.7453292608261108,1.7453292608261108,1.7453292608261108,1.7453292608261108,0,0,0,0
0.0,0.0,0.0,0.0,0.0,0.0,0.0,0.0,0.0,-0.0,0.0,-0.0,0.0,0.0,-1.3535698652267456,-0.2962430715560913,-0.0,0.0,0.31960418820381165,-0.152430921792984,-0.12937593460083008,0.0,0.0,0.0,0.0,0.0,0.5235987901687622,1.7453292608261108,1.7453292608261108,1.7453292608261108,1.7453292608261108,0,0,0,0
0.0,0.0,0.0,0.0,0.0,0.0,0.0,0.0,0.0,-0.0,0.0,-0.0,0.0,0.0,-1.351845622062683,-0.2905851900577545,-0.0,0.0,0.31841424107551575,-0.15858745574951172,-0.13460129499435425,0.0,0.0,0.0,0.0,0.0,0.5235987901687622,1.7453292608261108,1.7453292608261108,1.7453292608261108,1.7453292608261108,0,0,0,0
0.0,0.0,0.0,0.0,0.0,0.0,0.0,0.0,0.0,-0.0,0.0,-0.0,0.0,0.0,-1.350101113319397,-0.28486165404319763,-0.0,0.0,0.31721049547195435,-0.1648154854774475,-0.13988734781742096,0.0,0.0,0.0,0.0,0.0,0.5235987901687622,1.7453292608261108,1.7453292608261108,1.7453292608261108,1.7453292608261108,0,0,0,0
0.0,0.0,0.0,0.0,0.0,0.0,0.0,0.0,0.0,-0.0,0.0,-0.0,0.0,0.0,-1.3483376502990723,-0.2790752649307251,-0.0,0.0,0.3159935474395752,-0.17111189663410187,-0.14523141086101532,0.0,0.0,0.0,0.0,0.0,0.5235987901687622,1.7453292608261108,1.7453292608261108,1.7453292608261108,1.7453292608261108,0,0,0,0
0.0,0.0,0.0,0.0,0.0,0.0,0.0,0.0,0.0,-0.0,0.0,-0.0,0.0,0.0,-1.3465559482574463,-0.27322903275489807,-0.0,0.0,0.31476399302482605,-0.17747348546981812,-0.15063080191612244,0.0,0.0,0.0,0.0,0.0,0.5235987901687622,1.7453292608261108,1.7453292608261108,1.7453292608261108,1.7453292608261108,0,0,0,0
0.0,0.0,0.0,0.0,0.0,0.0,0.0,0.0,0.0,-0.0,0.0,-0.0,0.0,0.0,-1.3447567224502563,-0.267325758934021,-0.0,0.0,0.31352245807647705,-0.18389710783958435,-0.1560828536748886,0.0,0.0,0.0,0.0,0.0,0.5235987901687622,1.7453292608261108,1.7453292608261108,1.7453292608261108,1.7453292608261108,0,0,0,0
0.0,0.0,0.0,0.0,0.0,0.0,0.0,0.0,0.0,-0.0,0.0,-0.0,0.0,0.0,-1.3429409265518188,-0.26136842370033264,-0.0,0.0,0.31226950883865356,-0.19037963449954987,-0.16158488392829895,0.0,0.0,0.0,0.0,0.0,0.5235987901687622,1.7453292608261108,1.7453292608261108,1.7453292608261108,1.7453292608261108,0,0,0,0
0.0,0.0,0.0,0.0,0.0,0.0,0.0,0.0,0.0,-0.0,0.0,-0.0,0.0,0.0,-1.3411097526550293,-0.25535979866981506,-0.0,0.0,0.3110058009624481,-0.19691795110702515,-0.16713425517082214,0.0,0.0,0.0,0.0,0.0,0.5235987901687622,1.7453292608261108,1.7453292608261108,1.7453292608261108,1.7453292608261108,0,0,0,0
0.0,0.0,0.0,0.0,0.0,0.0,0.0,0.0,0.0,-0.0,0.0,-0.0,0.0,0.0,-1.339263677597046,-0.24930289387702942,-0.0,0.0,0.3097319006919861,-0.20350882411003113,-0.1727282851934433,0.0,0.0,0.0,0.0,0.0,0.5235987901687622,1.7453292608261108,1.7453292608261108,1.7453292608261108,1.7453292608261108,0,0,0,0
0.0,0.0,0.0,0.0,0.0,0.0,0.0,0.0,0.0,-0.0,0.0,-0.0,0.0,0.0,-1.3374037742614746,-0.24320054054260254,-0.0,0.0,0.3084484934806824,-0.21014919877052307,-0.17836427688598633,0.0,0.0,0.0,0.0,0.0,0.5235987901687622,1.7453292608261108,1.7453292608261108,1.7453292608261108,1.7453292608261108,0,0,0,0
0.0,0.0,0.0,0.0,0.0,0.0,0.0,0.0,0.0,-0.0,0.0,-0.0,0.0,0.0,-1.3355308771133423,-0.23705565929412842,-0.0,0.0,0.3071560859680176,-0.2168358564376831,-0.18403956294059753,0.0,0.0,0.0,0.0,0.0,0.5235987901687622,1.7453292608261108,1.7453292608261108,1.7453292608261108,1.7453292608261108,0,0,0,0
0.0,0.0,0.0,0.0,0.0,0.0,0.0,0.0,0.0,-0.0,0.0,-0.0,0.0,0.0,-1.3336459398269653,-0.23087112605571747,-0.0,0.0,0.30585533380508423,-0.22356568276882172,-0.189751535654068,0.0,0.0,0.0,0.0,0.0,0.5235987901687622,1.7453292608261108,1.7453292608261108,1.7453292608261108,1.7453292608261108,0,0,0,0
0.0,0.0,0.0,0.0,0.0,0.0,0.0,0.0,0.0,-0.0,0.0,-0.0,0.0,0.0,-1.3317497968673706,-0.22464987635612488,-0.0,0.0,0.30454689264297485,-0.2303355485200882,-0.19549742341041565,0.0,0.0,0.0,0.0,0.0,0.5235987901687622,1.7453292608261108,1.7453292608261108,1.7453292608261108,1.7453292608261108,0,0,0,0
0.0,0.0,0.0,0.0,0.0,0.0,0.0,0.0,0.0,-0.0,0.0,-0.0,0.0,0.0,-1.329843282699585,-0.21839474141597748,-0.0,0.0,0.30323129892349243,-0.23714220523834229,-0.2012745440006256,0.0,0.0,0.0,0.0,0.0,0.5235987901687622,1.7453292608261108,1.7453292608261108,1.7453292608261108,1.7453292608261108,0,0,0,0
0.0,0.0,0.0,0.0,0.0,0.0,0.0,0.0,0.0,-0.0,0.0,-0.0,0.0,0.0,-1.3279273509979248,-0.21210864186286926,-0.0,0.0,0.3019092082977295,-0.24398267269134521,-0.2070803940296173,0.0,0.0,0.0,0.0,0.0,0.5235987901687622,1.7453292608261108,1.7453292608261108,1.7453292608261108,1.7453292608261108,0,0,0,0
0.0,0.0,0.0,0.0,0.0,0.0,0.0,0.0,0.0,-0.0,0.0,-0.0,0.0,0.0,-1.326002836227417,-0.20579446852207184,-0.0,0.0,0.3005812168121338,-0.25085365772247314,-0.21291212737560272,0.0,0.0,0.0,0.0,0.0,0.5235987901687622,1.7453292608261108,1.7453292608261108,1.7453292608261108,1.7453292608261108,0,0,0,0
0.0,0.0,0.0,0.0,0.0,0.0,0.0,0.0,0.0,-0.0,0.0,-0.0,0.0,0.0,-1.324070692062378,-0.19945509731769562,-0.0,0.0,0.2992478609085083,-0.25775212049484253,-0.2187671959400177,0.0,0.0,0.0,0.0,0.0,0.5235987901687622,1.7453292608261108,1.7453292608261108,1.7453292608261108,1.7453292608261108,0,0,0,0
0.0,0.0,0.0,0.0,0.0,0.0,0.0,0.0,0.0,-0.0,0.0,-0.0,0.0,0.0,-1.322131633758545,-0.19309347867965698,-0.0,0.0,0.29790985584259033,-0.2646748125553131,-0.2246427834033966,0.0,0.0,0.0,0.0,0.0,0.5235987901687622,1.7453292608261108,1.7453292608261108,1.7453292608261108,1.7453292608261108,0,0,0,0
0.0,0.0,0.0,0.0,0.0,0.0,0.0,0.0,0.0,-0.0,0.0,-0.0,0.0,0.0,-1.3201868534088135,-0.18671250343322754,-0.0,0.0,0.29656779766082764,-0.2716186046600342,-0.2305363267660141,0.0,0.0,0.0,0.0,0.0,0.5235987901687622,1.7453292608261108,1.7453292608261108,1.7453292608261108,1.7453292608261108,0,0,0,0
0.0,0.0,0.0,0.0,0.0,0.0,0.0,0.0,0.0,-0.0,0.0,-0.0,0.0,0.0,-1.3182368278503418,-0.18031498789787292,-0.0,0.0,0.2952222228050232,-0.2785804271697998,-0.23644517362117767,0.0,0.0,0.0,0.0,0.0,0.5235987901687622,1.7453292608261108,1.7453292608261108,1.7453292608261108,1.7453292608261108,0,0,0,0
0.0,0.0,0.0,0.0,0.0,0.0,0.0,0.0,0.0,-0.0,0.0,-0.0,0.0,0.0,-1.3162827491760254,-0.17390388250350952,-0.0,0.0,0.29387378692626953,-0.2855570614337921,-0.24236655235290527,0.0,0.0,0.0,0.0,0.0,0.5235987901687622,1.7453292608261108,1.7453292608261108,1.7453292608261108,1.7453292608261108,0,0,0,0
0.0,0.0,0.0,0.0,0.0,0.0,0.0,0.0,0.0,-0.0,0.0,-0.0,0.0,0.0,-1.3143253326416016,-0.16748203337192535,-0.0,0.0,0.2925230860710144,-0.2925454378128052,-0.24829792976379395,0.0,0.0,0.0,0.0,0.0,0.5235987901687622,1.7453292608261108,1.7453292608261108,1.7453292608261108,1.7453292608261108,0,0,0,0
0.0,0.0,0.0,0.0,0.0,0.0,0.0,0.0,0.0,-0.0,0.0,-0.0,0.0,0.0,-1.3123656511306763,-0.161052405834198,-0.0,0.0,0.29117071628570557,-0.29954227805137634,-0.25423645973205566,0.0,0.0,0.0,0.0,0.0,0.5235987901687622,1.7453292608261108,1.7453292608261108,1.7453292608261108,1.7453292608261108,0,0,0,0
0.0,0.0,0.0,0.0,0.0,0.0,0.0,0.0,0.0,-0.0,0.0,-0.0,0.0,0.0,-1.3104043006896973,-0.15461787581443787,-0.0,0.0,0.28981733322143555,-0.3065444827079773,-0.2601795792579651,0.0,0.0,0.0,0.0,0.0,0.5235987901687622,1.7453292608261108,1.7453292608261108,1.7453292608261108,1.7453292608261108,0,0,0,0
0.0,0.0,0.0,0.0,0.0,0.0,0.0,0.0,0.0,-0.0,0.0,-0.0,0.0,0.0,-1.30844247341156,-0.1481812447309494,-0.0,0.0,0.2884635329246521,-0.3135490417480469,-0.2661246657371521,0.0,0.0,0.0,0.0,0.0,0.5235987901687622,1.7453292608261108,1.7453292608261108,1.7453292608261108,1.7453292608261108,0,0,0,0
0.0,0.0,0.0,0.0,0.0,0.0,0.0,0.0,0.0,-0.0,0.0,-0.0,0.0,0.0,-1.3064807653427124,-0.14174556732177734,-0.0,0.0,0.2871098816394806,-0.3205525875091553,-0.27206891775131226,0.0,0.0,0.0,0.0,0.0,0.5235987901687622,1.7453292608261108,1.7453292608261108,1.7453292608261108,1.7453292608261108,0,0,0,0
0.0,0.0,0.0,0.0,0.0,0.0,0.0,0.0,0.0,-0.0,0.0,-0.0,0.0,0.0,-1.3045202493667603,-0.13531363010406494,-0.0,0.0,0.28575703501701355,-0.3275521397590637,-0.27800971269607544,0.0,0.0,0.0,0.0,0.0,0.5235987901687622,1.7453292608261108,1.7453292608261108,1.7453292608261108,1.7453292608261108,0,0,0,0
0.0,0.0,0.0,0.0,0.0,0.0,0.0,0.0,0.0,-0.0,0.0,-0.0,0.0,0.0,-1.3025617599487305,-0.1288883239030838,-0.0,0.0,0.28440558910369873,-0.33454442024230957,-0.28394442796707153,0.0,0.0,0.0,0.0,0.0,0.5235987901687622,1.7453292608261108,1.7453292608261108,1.7453292608261108,1.7453292608261108,0,0,0,0
0.0,0.0,0.0,0.0,0.0,0.0,0.0,0.0,0.0,-0.0,0.0,-0.0,0.0,0.0,-1.30060613155365,-0.12247253954410553,-0.0,0.0,0.2830561101436615,-0.34152644872665405,-0.28987038135528564,0.0,0.0,0.0,0.0,0.0,0.5235987901687622,1.7453292608261108,1.7453292608261108,1.7453292608261108,1.7453292608261108,0,0,0,0
0.0,0.0,0.0,0.0,0.0,0.0,0.0,0.0,0.0,-0.0,0.0,-0.0,0.0,0.0,-1.298654317855835,-0.1160692423582077,-0.0,0.0,0.2817092537879944,-0.3484949469566345,-0.2957848310470581,0.0,0.0,0.0,0.0,0.0,0.5235987901687622,1.7453292608261108,1.7453292608261108,1.7453292608261108,1.7453292608261108,0,0,0,0
0.0,0.0,0.0,0.0,0.0,0.0,0.0,0.0,0.0,-0.0,0.0,-0.0,0.0,0.0,-1.296707034111023,-0.10968129336833954,-0.0,0.0,0.28036561608314514,-0.3554466962814331,-0.3016851544380188,0.0,0.0,0.0,0.0,0.0,0.5235987901687622,1.7453292608261108,1.7453292608261108,1.7453292608261108,1.7453292608261108,0,0,0,0
0.0,0.0,0.0,0.0,0.0,0.0,0.0,0.0,0.0,-0.0,0.0,-0.0,0.0,0.0,-1.2947654724121094,-0.10331149399280548,-0.0,0.0,0.2790258228778839,-0.3623787760734558,-0.3075686991214752,0.0,0.0,0.0,0.0,0.0,0.5235987901687622,1.7453292608261108,1.7453292608261108,1.7453292608261108,1.7453292608261108,0,0,0,0
0.0,0.0,0.0,0.0,0.0,0.0,0.0,0.0,0.0,-0.0,0.0,-0.0,0.0,0.0,-1.292830228805542,-0.09696285426616669,-0.0,0.0,0.27769044041633606,-0.3692879378795624,-0.3134327530860901,0.0,0.0,0.0,0.0,0.0,0.5235987901687622,1.7453292608261108,1.7453292608261108,1.7453292608261108,1.7453292608261108,0,0,0,0
0.0,0.0,0.0,0.0,0.0,0.0,0.0,0.0,0.0,-0.0,0.0,-0.0,0.0,0.0,-1.2909022569656372,-0.09063833951950073,-0.0,0.0,0.27636009454727173,-0.3761708736419678,-0.3192746639251709,0.0,0.0,0.0,0.0,0.0,0.5235987901687622,1.7453292608261108,1.7453292608261108,1.7453292608261108,1.7453292608261108,0,0,0,0
0.0,0.0,0.0,0.0,0.0,0.0,0.0,0.0,0.0,-0.0,0.0,-0.0,0.0,0.0,-1.288982629776001,-0.08434060215950012,-0.0,0.0,0.27503541111946106,-0.3830246925354004,-0.32509177923202515,0.0,0.0,0.0,0.0,0.0,0.5235987901687622,1.7453292608261108,1.7453292608261108,1.7453292608261108,1.7453292608261108,0,0,0,0
0.0,0.0,0.0,0.0,0.0,0.0,0.0,0.0,0.0,-0.0,0.0,-0.0,0.0,0.0,-1.287071943283081,-0.07807265222072601,-0.0,0.0,0.2737169861793518,-0.3898460865020752,-0.33088135719299316,0.0,0.0,0.0,0.0,0.0,0.5235987901687622,1.7453292608261108,1.7453292608261108,1.7453292608261108,1.7453292608261108,0,0,0,0
0.0,0.0,0.0,0.0,0.0,0.0,0.0,0.0,0.0,-0.0,0.0,-0.0,0.0,0.0,-1.2851711511611938,-0.07183744013309479,-0.0,0.0,0.2724054455757141,-0.39663195610046387,-0.336640864610672,0.0,0.0,0.0,0.0,0.0,0.5235987901687622,1.7453292608261108,1.7453292608261108,1.7453292608261108,1.7453292608261108,0,0,0,0
0.0,0.0,0.0,0.0,0.0,0.0,0.0,0.0,0.0,-0.0,0.0,-0.0,0.0,0.0,-1.2832813262939453,-0.06563785672187805,-0.0,0.0,0.27110135555267334,-0.4033791124820709,-0.34236741065979004,0.0,0.0,0.0,0.0,0.0,0.5235987901687622,1.7453292608261108,1.7453292608261108,1.7453292608261108,1.7453292608261108,0,0,0,0
0.0,0.0,0.0,0.0,0.0,0.0,0.0,0.0,0.0,-0.0,0.0,-0.0,0.0,0.0,-1.2814030647277832,-0.05947673320770264,-0.0,0.0,0.269805371761322,-0.41008442640304565,-0.3480585813522339,0.0,0.0,0.0,0.0,0.0,0.5235987901687622,1.7453292608261108,1.7453292608261108,1.7453292608261108,1.7453292608261108,0,0,0,0
0.0,0.0,0.0,0.0,0.0,0.0,0.0,0.0,0.0,-0.0,0.0,-0.0,0.0,0.0,-1.279537558555603,-0.05335700511932373,-0.0,0.0,0.2685180902481079,-0.41674476861953735,-0.35371148586273193,0.0,0.0,0.0,0.0,0.0,0.5235987901687622,1.7453292608261108,1.7453292608261108,1.7453292608261108,1.7453292608261108,0,0,0,0
0.0,0.0,0.0,0.0,0.0,0.0,0.0,0.0,0.0,-0.0,0.0,-0.0,0.0,0.0,-1.277685523033142,-0.047281503677368164,-0.0,0.0,0.267240047454834,-0.4233570098876953,-0.35932356119155884,0.0,0.0,0.0,0.0,0.0,0.5235987901687622,1.7453292608261108,1.7453292608261108,1.7453292608261108,1.7453292608261108,0,0,0,0
0.0,0.0,0.0,0.0,0.0,0.0,0.0,0.0,0.0,-0.0,0.0,-0.0,0.0,0.0,-1.2758477926254272,-0.041253119707107544,-0.0,0.0,0.26597195863723755,-0.4299180209636688,-0.3648921549320221,0.0,0.0,0.0,0.0,0.0,0.5235987901687622,1.7453292608261108,1.7453292608261108,1.7453292608261108,1.7453292608261108,0,0,0,0
0.0,0.0,0.0,0.0,0.0,0.0,0.0,0.0,0.0,-0.0,0.0,-0.0,0.0,0.0,-1.274025321006775,-0.03527486324310303,-0.0,0.0,0.26471441984176636,-0.43642458319664,-0.37041452527046204,0.0,0.0,0.0,0.0,0.0,0.5235987901687622,1.7453292608261108,1.7453292608261108,1.7453292608261108,1.7453292608261108,0,0,0,0
0.0,0.0,0.0,0.0,0.0,0.0,0.0,0.0,0.0,-0.0,0.0,-0.0,0.0,0.0,-1.2722188234329224,-0.02934965491294861,-0.0,0.0,0.2634679675102234,-0.4428735077381134,-0.37588798999786377,0.0,0.0,0.0,0.0,0.0,0.5235987901687622,1.7453292608261108,1.7453292608261108,1.7453292608261108,1.7453292608261108,0,0,0,0
0.0,0.0,0.0,0.0,0.0,0.0,0.0,0.0,0.0,-0.0,0.0,-0.0,0.0,0.0,-1.2704294919967651,-0.023480147123336792,-0.0,0.0,0.26223325729370117,-0.4492618143558502,-0.3813100755214691,0.0,0.0,0.0,0.0,0.0,0.5235987901687622,1.7453292608261108,1.7453292608261108,1.7453292608261108,1.7453292608261108,0,0,0,0
0.0,0.0,0.0,0.0,0.0,0.0,0.0,0.0,0.0,-0.0,0.0,-0.0,0.0,0.0,-1.2686580419540405,-0.017669379711151123,-0.0,0.0,0.26101088523864746,-0.45558619499206543,-0.3866778314113617,0.0,0.0,0.0,0.0,0.0,0.5235987901687622,1.7453292608261108,1.7453292608261108,1.7453292608261108,1.7453292608261108,0,0,0,0
0.0,0.0,0.0,0.0,0.0,0.0,0.0,0.0,0.0,-0.0,0.0,-0.0,0.0,0.0,-1.2669053077697754,-0.011920273303985596,-0.0,0.0,0.2598014771938324,-0.4618436098098755,-0.39198875427246094,0.0,0.0,0.0,0.0,0.0,0.5235987901687622,1.7453292608261108,1.7453292608261108,1.7453292608261108,1.7453292608261108,0,0,0,0
0.0,0.0,0.0,0.0,0.0,0.0,0.0,0.0,0.0,-0.0,0.0,-0.0,0.0,0.0,-1.2651722431182861,-0.006235748529434204,-0.0,0.0,0.25860562920570374,-0.46803081035614014,-0.3972400724887848,0.0,0.0,0.0,0.0,0.0,0.5235987901687622,1.7453292608261108,1.7453292608261108,1.7453292608261108,1.7453292608261108,0,0,0,0
0.0,0.0,0.0,0.0,0.0,0.0,0.0,0.0,0.0,-0.0,0.0,-0.0,0.0,0.0,-1.26345956325531,-0.0006186068058013916,-0.0,0.0,0.25742393732070923,-0.4741447865962982,-0.40242916345596313,0.0,0.0,0.0,0.0,0.0,0.5235987901687622,1.7453292608261108,1.7453292608261108,1.7453292608261108,1.7453292608261108,0,0,0,0
0.0,0.0,0.0,0.0,0.0,0.0,0.0,0.0,0.0,-0.0,0.0,-0.0,0.0,0.0,-1.2617684602737427,0.004928320646286011,-0.0,0.0,0.256257027387619,-0.4801822304725647,-0.40755346417427063,0.0,0.0,0.0,0.0,0.0,0.5235987901687622,1.7453292608261108,1.7453292608261108,1.7453292608261108,1.7453292608261108,0,0,0,0
0.0,0.0,0.0,0.0,0.0,0.0,0.0,0.0,0.0,-0.0,0.0,-0.0,0.0,0.0,-1.2600996494293213,0.010401934385299683,-0.0,0.0,0.25510552525520325,-0.4861401319503784,-0.41261011362075806,0.0,0.0,0.0,0.0,0.0,0.5235987901687622,1.7453292608261108,1.7453292608261108,1.7453292608261108,1.7453292608261108,0,0,0,0
0.0,0.0,0.0,0.0,0.0,0.0,0.0,0.0,0.0,-0.0,0.0,-0.0,0.0,0.0,-1.2584539651870728,0.01579946279525757,-0.0,0.0,0.2539699971675873,-0.4920152723789215,-0.4175965487957001,0.0,0.0,0.0,0.0,0.0,0.5235987901687622,1.7453292608261108,1.7453292608261108,1.7453292608261108,1.7453292608261108,0,0,0,0
0.0,0.0,0.0,0.0,0.0,0.0,0.0,0.0,0.0,-0.0,0.0,-0.0,0.0,0.0,-1.256832242012024,0.021117985248565674,-0.0,0.0,0.25285106897354126,-0.4978044331073761,-0.4225100874900818,0.0,0.0,0.0,0.0,0.0,0.5235987901687622,1.7453292608261108,1.7453292608261108,1.7453292608261108,1.7453292608261108,0,0,0,0
0.0,0.0,0.0,0.0,0.0,0.0,0.0,0.0,0.0,-0.0,0.0,-0.0,0.0,0.0,-1.2552355527877808,0.02635464072227478,-0.0,0.0,0.2517493665218353,-0.5035045742988586,-0.4273480176925659,0.0,0.0,0.0,0.0,0.0,0.5235987901687622,1.7453292608261108,1.7453292608261108,1.7453292608261108,1.7453292608261108,0,0,0,0
0.0,0.0,0.0,0.0,0.0,0.0,0.0,0.0,0.0,-0.0,0.0,-0.0,0.0,0.0,-1.2536647319793701,0.031506508588790894,-0.0,0.0,0.25066548585891724,-0.5091125965118408,-0.4321076571941376,0.0,0.0,0.0,0.0,0.0,0.5235987901687622,1.7453292608261108,1.7453292608261108,1.7453292608261108,1.7453292608261108,0,0,0,0
0.0,0.0,0.0,0.0,0.0,0.0,0.0,0.0,0.0,-0.0,0.0,-0.0,0.0,0.0,-1.2521206140518188,0.03657066822052002,-0.0,0.0,0.24960000813007355,-0.5146251916885376,-0.4367864429950714,0.0,0.0,0.0,0.0,0.0,0.5235987901687622,1.7453292608261108,1.7453292608261108,1.7453292608261108,1.7453292608261108,0,0,0,0
0.0,0.0,0.0,0.0,0.0,0.0,0.0,0.0,0.0,-0.0,0.0,-0.0,0.0,0.0,-1.2506039142608643,0.0415443480014801,-0.0,0.0,0.2485535740852356,-0.5200393795967102,-0.44138163328170776,0.0,0.0,0.0,0.0,0.0,0.5235987901687622,1.7453292608261108,1.7453292608261108,1.7453292608261108,1.7453292608261108,0,0,0,0
0.0,0.0,0.0,0.0,0.0,0.0,0.0,0.0,0.0,-0.0,0.0,-0.0,0.0,0.0,-1.2491157054901123,0.046424537897109985,-0.0,0.0,0.24752677977085114,-0.5253519415855408,-0.44589054584503174,0.0,0.0,0.0,0.0,0.0,0.5235987901687622,1.7453292608261108,1.7453292608261108,1.7453292608261108,1.7453292608261108,0,0,0,0
0.0,0.0,0.0,0.0,0.0,0.0,0.0,0.0,0.0,-0.0,0.0,-0.0,0.0,0.0,-1.2476569414138794,0.051208287477493286,-0.0,0.0,0.2465202659368515,-0.5305596590042114,-0.45031046867370605,0.0,0.0,0.0,0.0,0.0,0.5235987901687622,1.7453292608261108,1.7453292608261108,1.7453292608261108,1.7453292608261108,0,0,0,0
0.0,0.0,0.0,0.0,0.0,0.0,0.0,0.0,0.0,-0.0,0.0,-0.0,0.0,0.0,-1.2462284564971924,0.05589282512664795,-0.0,0.0,0.24553458392620087,-0.5356593728065491,-0.45463886857032776,0.0,0.0,0.0,0.0,0.0,0.5235987901687622,1.7453292608261108,1.7453292608261108,1.7453292608261108,1.7453292608261108,0,0,0,0
0.0,0.0,0.0,0.0,0.0,0.0,0.0,0.0,0.0,-0.0,0.0,-0.0,0.0,0.0,-1.2448309659957886,0.060475289821624756,-0.0,0.0,0.24457038938999176,-0.5406481623649597,-0.4588729441165924,0.0,0.0,0.0,0.0,0.0,0.5235987901687622,1.7453292608261108,1.7453292608261108,1.7453292608261108,1.7453292608261108,0,0,0,0
0.0,0.0,0.0,0.0,0.0,0.0,0.0,0.0,0.0,-0.0,0.0,-0.0,0.0,0.0,-1.2434654235839844,0.06495267152786255,-0.0,0.0,0.24362826347351074,-0.5455226302146912,-0.4630100727081299,0.0,0.0,0.0,0.0,0.0,0.5235987901687622,1.7453292608261108,1.7453292608261108,1.7453292608261108,1.7453292608261108,0,0,0,0
0.0,0.0,0.0,0.0,0.0,0.0,0.0,0.0,0.0,-0.0,0.0,-0.0,0.0,0.0,-1.2421330213546753,0.06932216882705688,-0.0,0.0,0.24270883202552795,-0.5502796769142151,-0.4670475721359253,0.0,0.0,0.0,0.0,0.0,0.5235987901687622,1.7453292608261108,1.7453292608261108,1.7453292608261108,1.7453292608261108,0,0,0,0
0.0,0.0,0.0,0.0,0.0,0.0,0.0,0.0,0.0,-0.0,0.0,-0.0,0.0,0.0,-1.24083411693573,0.07358074188232422,-0.0,0.0,0.24181270599365234,-0.554916262626648,-0.4709826707839966,0.0,0.0,0.0,0.0,0.0,0.5235987901687622,1.7453292608261108,1.7453292608261108,1.7453292608261108,1.7453292608261108,0,0,0,0
0.0,0.0,0.0,0.0,0.0,0.0,0.0,0.0,0.0,-0.0,0.0,-0.0,0.0,0.0,-1.239569902420044,0.07772558927536011,-0.0,0.0,0.24094048142433167,-0.5594291687011719,-0.4748128652572632,0.0,0.0,0.0,0.0,0.0,0.5235987901687622,1.7453292608261108,1.7453292608261108,1.7453292608261108,1.7453292608261108,0,0,0,0
0.0,0.0,0.0,0.0,0.0,0.0,0.0,0.0,0.0,-0.0,0.0,-0.0,0.0,0.0,-1.238341212272644,0.08175396919250488,-0.0,0.0,0.24009273946285248,-0.5638152360916138,-0.47853559255599976,0.0,0.0,0.0,0.0,0.0,0.5235987901687622,1.7453292608261108,1.7453292608261108,1.7453292608261108,1.7453292608261108,0,0,0,0
0.0,0.0,0.0,0.0,0.0,0.0,0.0,0.0,0.0,-0.0,0.0,-0.0,0.0,0.0,-1.2371490001678467,0.08566278219223022,-0.0,0.0,0.2392701357603073,-0.5680713653564453,-0.482147753238678,0.0,0.0,0.0,0.0,0.0,0.5235987901687622,1.7453292608261108,1.7453292608261108,1.7453292608261108,1.7453292608261108,0,0,0,0
0.0,0.0,0.0,0.0,0.0,0.0,0.0,0.0,0.0,-0.0,0.0,-0.0,0.0,0.0,-1.2359938621520996,0.08944922685623169,-0.0,0.0,0.23847326636314392,-0.5721943974494934,-0.4856470823287964,0.0,0.0,0.0,0.0,0.0,0.5235987901687622,1.7453292608261108,1.7453292608261108,1.7453292608261108,1.7453292608261108,0,0,0,0
0.0,0.0,0.0,0.0,0.0,0.0,0.0,0.0,0.0,-0.0,0.0,-0.0,0.0,0.0,-1.234877109527588,0.09311026334762573,-0.0,0.0,0.23770274221897125,-0.5761811137199402,-0.489030659198761,0.0,0.0,0.0,0.0,0.0,0.5235987901687622,1.7453292608261108,1.7453292608261108,1.7453292608261108,1.7453292608261108,0,0,0,0
0.0,0.0,0.0,0.0,0.0,0.0,0.0,0.0,0.0,-0.0,0.0,-0.0,0.0,0.0,-1.2337992191314697,0.09664320945739746,-0.0,0.0,0.23695914447307587,-0.5800283551216125,-0.49229592084884644,0.0,0.0,0.0,0.0,0.0,0.5235987901687622,1.7453292608261108,1.7453292608261108,1.7453292608261108,1.7453292608261108,0,0,0,0
0.0,0.0,0.0,0.0,0.0,0.0,0.0,0.0,0.0,-0.0,0.0,-0.0,0.0,0.0,-1.2327613830566406,0.10004502534866333,-0.0,0.0,0.2362430840730667,-0.5837332010269165,-0.49544036388397217,0.0,0.0,0.0,0.0,0.0,0.5235987901687622,1.7453292608261108,1.7453292608261108,1.7453292608261108,1.7453292608261108,0,0,0,0
0.0,0.0,0.0,0.0,0.0,0.0,0.0,0.0,0.0,-0.0,0.0,-0.0,0.0,0.0,-1.2317641973495483,0.1033129096031189,-0.0,0.0,0.23555521667003632,-0.5872922539710999,-0.49846094846725464,0.0,0.0,0.0,0.0,0.0,0.5235987901687622,1.7453292608261108,1.7453292608261108,1.7453292608261108,1.7453292608261108,0,0,0,0
0.0,0.0,0.0,0.0,0.0,0.0,0.0,0.0,0.0,-0.0,0.0,-0.0,0.0,0.0,-1.2308088541030884,0.10644394159317017,-0.0,0.0,0.23489612340927124,-0.5907024145126343,-0.5013551712036133,0.0,0.0,0.0,0.0,0.0,0.5235987901687622,1.7453292608261108,1.7453292608261108,1.7453292608261108,1.7453292608261108,0,0,0,0
0.0,0.0,0.0,0.0,0.0,0.0,0.0,0.0,0.0,-0.0,0.0,-0.0,0.0,0.0,-1.2298959493637085,0.10943520069122314,-0.0,0.0,0.23426641523838043,-0.5939606428146362,-0.5041204690933228,0.0,0.0,0.0,0.0,0.0,0.5235987901687622,1.7453292608261108,1.7453292608261108,1.7453292608261108,1.7453292608261108,0,0,0,0
0.0,0.0,0.0,0.0,0.0,0.0,0.0,0.0,0.0,-0.0,0.0,-0.0,0.0,0.0,-1.2290265560150146,0.11228376626968384,-0.0,0.0,0.23366667330265045,-0.5970636606216431,-0.5067541003227234,0.0,0.0,0.0,0.0,0.0,0.5235987901687622,1.7453292608261108,1.7453292608261108,1.7453292608261108,1.7453292608261108,0,0,0,0
0.0,0.0,0.0,0.0,0.0,0.0,0.0,0.0,0.0,-0.0,0.0,-0.0,0.0,0.0,-1.2282015085220337,0.11498689651489258,-0.0,0.0,0.23309750854969025,-0.6000085473060608,-0.5092533826828003,0.0,0.0,0.0,0.0,0.0,0.5235987901687622,1.7453292608261108,1.7453292608261108,1.7453292608261108,1.7453292608261108,0,0,0,0
0.0,0.0,0.0,0.0,0.0,0.0,0.0,0.0,0.0,-0.0,0.0,-0.0,0.0,0.0,-1.2274216413497925,0.11754149198532104,-0.0,0.0,0.23255956172943115,-0.6027917861938477,-0.5116155743598938,0.0,0.0,0.0,0.0,0.0,0.5235987901687622,1.7453292608261108,1.7453292608261108,1.7453292608261108,1.7453292608261108,0,0,0,0
0.0,0.0,0.0,0.0,0.0,0.0,0.0,0.0,0.0,-0.0,0.0,-0.0,0.0,0.0,-1.2266879081726074,0.11994481086730957,-0.0,0.0,0.2320534586906433,-0.6054105162620544,-0.5138379335403442,0.0,0.0,0.0,0.0,0.0,0.5235987901687622,1.7453292608261108,1.7453292608261108,1.7453292608261108,1.7453292608261108,0,0,0,0
0.0,0.0,0.0,0.0,0.0,0.0,0.0,0.0,0.0,-0.0,0.0,-0.0,0.0,0.0,-1.2260011434555054,0.12219375371932983,-0.0,0.0,0.2315797507762909,-0.6078613996505737,-0.5159180760383606,0.0,0.0,0.0,0.0,0.0,0.5235987901687622,1.7453292608261108,1.7453292608261108,1.7453292608261108,1.7453292608261108,0,0,0,0
0.0,0.0,0.0,0.0,0.0,0.0,0.0,0.0,0.0,-0.0,0.0,-0.0,0.0,0.0,-1.2253623008728027,0.12428569793701172,-0.0,0.0,0.23113907873630524,-0.6101415157318115,-0.5178531408309937,0.0,0.0,0.0,0.0,0.0,0.5235987901687622,1.7453292608261108,1.7453292608261108,1.7453292608261108,1.7453292608261108,0,0,0,0
0.0,0.0,0.0,0.0,0.0,0.0,0.0,0.0,0.0,-0.0,0.0,-0.0,0.0,0.0,-1.2247720956802368,0.12621760368347168,-0.0,0.0,0.2307320386171341,-0.6122475266456604,-0.5196405649185181,0.0,0.0,0.0,0.0,0.0,0.5235987901687622,1.7453292608261108,1.7453292608261108,1.7453292608261108,1.7453292608261108,0,0,0,0
0.0,0.0,0.0,0.0,0.0,0.0,0.0,0.0,0.0,-0.0,0.0,-0.0,0.0,0.0,-1.224231481552124,0.1279866099357605,-0.0,0.0,0.2303592413663864,-0.6141765117645264,-0.5212775468826294,0.0,0.0,0.0,0.0,0.0,0.5235987901687622,1.7453292608261108,1.7453292608261108,1.7453292608261108,1.7453292608261108,0,0,0,0
0.0,0.0,0.0,0.0,0.0,0.0,0.0,0.0,0.0,-0.0,0.0,-0.0,0.0,0.0,-1.2237415313720703,0.12958985567092896,-0.0,0.0,0.23002132773399353,-0.6159249544143677,-0.5227614045143127,0.0,0.0,0.0,0.0,0.0,0.5235987901687622,1.7453292608261108,1.7453292608261108,1.7453292608261108,1.7453292608261108,0,0,0,0
0.0,0.0,0.0,0.0,0.0,0.0,0.0,0.0,0.0,-0.0,0.0,-0.0,0.0,0.0,-1.2233028411865234,0.1310243010520935,-0.0,0.0,0.229718878865242,-0.6174899339675903,-0.524089515209198,0.0,0.0,0.0,0.0,0.0,0.5235987901687622,1.7453292608261108,1.7453292608261108,1.7453292608261108,1.7453292608261108,0,0,0,0
0.0,0.0,0.0,0.0,0.0,0.0,0.0,0.0,0.0,-0.0,0.0,-0.0,0.0,0.0,-1.2229164838790894,0.13228726387023926,-0.0,0.0,0.2294524610042572,-0.6188684701919556,-0.5252593755722046,0.0,0.0,0.0,0.0,0.0,0.5235987901687622,1.7453292608261108,1.7453292608261108,1.7453292608261108,1.7453292608261108,0,0,0,0
0.0,0.0,0.0,0.0,0.0,0.0,0.0,0.0,0.0,-0.0,0.0,-0.0,0.0,0.0,-1.2225831747055054,0.13337576389312744,-0.0,0.0,0.22922272980213165,-0.6200571060180664,-0.5262680649757385,0.0,0.0,0.0,0.0,0.0,0.5235987901687622,1.7453292608261108,1.7453292608261108,1.7453292608261108,1.7453292608261108,0,0,0,0
0.0,0.0,0.0,0.0,0.0,0.0,0.0,0.0,0.0,-0.0,0.0,-0.0,0.0,0.0,-1.2223039865493774,0.13428688049316406,-0.0,0.0,0.2290303260087967,-0.6210527420043945,-0.5271129012107849,0.0,0.0,0.0,0.0,0.0,0.5235987901687622,1.7453292608261108,1.7453292608261108,1.7453292608261108,1.7453292608261108,0,0,0,0
0.0,0.0,0.0,0.0,0.0,0.0,0.0,0.0,0.0,-0.0,0.0,-0.0,0.0,0.0,-1.2220796346664429,0.13501763343811035,-0.0,0.0,0.2288757860660553,-0.6218523979187012,-0.5277915000915527,0.0,0.0,0.0,0.0,0.0,0.5235987901687622,1.7453292608261108,1.7453292608261108,1.7453292608261108,1.7453292608261108,0,0,0,0
0.0,0.0,0.0,0.0,0.0,0.0,0.0,0.0,0.0,-0.0,0.0,-0.0,0.0,0.0,-1.2219111919403076,0.13556528091430664,-0.0,0.0,0.228759765625,-0.6224528551101685,-0.5283008813858032,0.0,0.0,0.0,0.0,0.0,0.5235987901687622,1.7453292608261108,1.7453292608261108,1.7453292608261108,1.7453292608261108,0,0,0,0
0.0,0.0,0.0,0.0,0.0,0.0,0.0,0.0,0.0,-0.0,0.0,-0.0,0.0,0.0,-1.221799373626709,0.13592684268951416,-0.0,0.0,0.22868284583091736,-0.622850775718689,-0.528638482093811,0.0,0.0,0.0,0.0,0.0,0.5235987901687622,1.7453292608261108,1.7453292608261108,1.7453292608261108,1.7453292608261108,0,0,0,0
0.0,0.0,0.0,0.0,0.0,0.0,0.0,0.0,0.0,-0.0,0.0,-0.0,0.0,0.0,-1.2217450141906738,0.1360994577407837,-0.0,0.0,0.22864565253257751,-0.623043417930603,-0.5288017988204956,0.0,0.0,0.0,0.0,0.0,0.5235987901687622,1.7453292608261108,1.7453292608261108,1.7453292608261108,1.7453292608261108,0,0,0,0
0.0,0.0,0.0,0.0,0.0,0.0,0.0,0.0,0.0,-0.0,0.0,-0.0,0.0,0.0,-1.2217367887496948,0.13612157106399536,-0.0,0.0,0.22864022850990295,-0.6230716109275818,-0.5288255214691162,0.0,0.0,0.0,0.0,0.0,0.5235887169837952,1.745295763015747,1.745295763015747,1.745295763015747,1.745295763015747,0,0,0,0
0.0,0.0,0.0,0.0,0.0,0.0,0.0,0.0,0.0,-0.0,0.0,-0.0,0.0,0.0,-1.2217344045639038,0.13612712919712067,-0.0,0.0,0.2286386489868164,-0.623079776763916,-0.5288324356079102,0.0,0.0,0.0,0.0,0.0,0.5234415531158447,1.744805097579956,1.744805097579956,1.744805097579956,1.744805097579956,0,0,0,0
0.0,0.0,0.0,0.0,0.0,0.0,0.0,0.0,0.0,-0.0,0.0,-0.0,0.0,0.0,-1.2217336893081665,0.13612884283065796,-0.0,0.0,0.2286381721496582,-0.6230822205543518,-0.5288345217704773,0.0,0.0,0.0,0.0,0.0,0.5229547023773193,1.7431824207305908,1.7431824207305908,1.7431824207305908,1.7431824207305908,0,0,0,0
0.0,0.0,0.0,0.0,0.0,0.0,0.0,0.0,0.0,-0.0,0.0,-0.0,0.0,0.0,-1.221733570098877,0.13612911105155945,-0.0,0.0,0.22863814234733582,-0.6230823993682861,-0.5288346409797668,0.0,0.0,0.0,0.0,0.0,0.5218088030815125,1.7393625974655151,1.7393625974655151,1.7393625974655151,1.7393625974655151,0,0,0,0
0.0,0.0,0.0,0.0,0.0,0.0,0.0,0.0,0.0,-0.0,0.0,-0.0,0.0,0.0,-1.2217334508895874,0.1361294537782669,-0.0,0.0,0.22863814234733582,-0.6230824589729309,-0.5288346409797668,0.0,0.0,0.0,0.0,0.0,0.5186677575111389,1.7288928031921387,1.7288928031921387,1.7288928031921387,1.7288928031921387,0,0,0,0
0.0,0.0,0.0,0.0,0.0,0.0,0.0,0.0,0.0,-0.0,0.0,-0.0,0.0,0.0,-1.2217333316802979,0.13612988591194153,-0.0,0.0,0.22863814234733582,-0.6230825185775757,-0.5288346409797668,0.0,0.0,0.0,0.0,0.0,0.5140271782875061,1.7134240865707397,1.7134240865707397,1.7134240865707397,1.7134240865707397,0,0,0,0
0.0,0.0,0.0,0.0,0.0,0.0,0.0,0.0,0.0,-0.0,0.0,-0.0,0.0,0.0,-1.2217330932617188,0.13613030314445496,-0.0,0.0,0.22863812744617462,-0.6230825185775757,-0.5288347005844116,0.0,0.0,0.0,0.0,0.0,0.5089380145072937,1.6964601278305054,1.6964601278305054,1.6964601278305054,1.6964601278305054,0,0,0,0
0.0,0.0,0.0,0.0,0.0,0.0,0.0,0.0,0.0,-0.0,0.0,-0.0,0.0,0.0,-1.2217329740524292,0.13613060116767883,-0.0,0.0,0.22863812744617462,-0.6230825185775757,-0.5288347005844116,0.0,0.0,0.0,0.0,0.0,0.5042648911476135,1.6808830499649048,1.6808830499649048,1.6808830499649048,1.6808830499649048,0,0,0,0
0.0,0.0,0.0,0.0,0.0,0.0,0.0,0.0,0.0,-0.0,0.0,-0.0,0.0,0.0,-1.2217328548431396,0.13613082468509674,-0.0,0.0,0.22863812744617462,-0.6230825185775757,-0.5288347005844116,0.0,0.0,0.0,0.0,0.0,0.5001271367073059,1.6670904159545898,1.6670904159545898,1.6670904159545898,1.6670904159545898,0,0,0,0
0.0,0.0,0.0,0.0,0.0,0.0,0.0,0.0,0.0,-0.0,0.0,-0.0,0.0,0.0,-1.2217328548431396,0.13613097369670868,-0.0,0.0,0.22863812744617462,-0.6230825185775757,-0.5288347005844116,0.0,0.0,0.0,0.0,0.0,0.4964573383331299,1.6548576354980469,1.6548576354980469,1.6548576354980469,1.6548576354980469,0,0,0,0
0.0,0.0,0.0,0.0,0.0,0.0,0.0,0.0,0.0,-0.0,0.0,-0.0,0.0,0.0,-1.2217328548431396,0.13613110780715942,-0.0,0.0,0.22863812744617462,-0.6230825185775757,-0.5288347005844116,0.0,0.0,0.0,0.0,0.0,0.4931338131427765,1.6437792778015137,1.6437792778015137,1.6437792778015137,1.6437792778015137,0,0,0,0
0.0,0.0,0.0,0.0,0.0,0.0,0.0,0.0,0.0,-0.0,0.0,-0.0,0.0,0.0,-1.22173273563385,0.13613127171993256,-0.0,0.0,0.22863812744617462,-0.6230825185775757,-0.5288347005844116,0.0,0.0,0.0,0.0,0.0,0.4893995225429535,1.6313316822052002,1.6313316822052002,1.6313316822052002,1.6313316822052002,0,0,0,0
0.0,0.0,0.0,0.0,0.0,0.0,0.0,0.0,0.0,-0.0,0.0,-0.0,0.0,0.0,-1.22173273563385,0.13613146543502808,-0.0,0.0,0.22863812744617462,-0.6230825185775757,-0.5288347005844116,0.0,0.0,0.0,0.0,0.0,0.4840874969959259,1.6136250495910645,1.6136250495910645,1.6136250495910645,1.6136250495910645,0,0,0,0
0.0,0.0,0.0,0.0,0.0,0.0,0.0,0.0,0.0,-0.0,0.0,-0.0,0.0,0.0,-1.2217326164245605,0.13613170385360718,-0.0,0.0,0.22863812744617462,-0.6230825185775757,-0.5288347005844116,0.0,0.0,0.0,0.0,0.0,0.4760423004627228,1.5868074893951416,1.5868074893951416,1.5868074893951416,1.5868074893951416,0,0,0,0
0.0,0.0,0.0,0.0,0.0,0.0,0.0,0.0,0.0,-0.0,0.0,-0.0,0.0,0.0,-1.221732497215271,0.13613200187683105,-0.0,0.0,0.22863812744617462,-0.6230825185775757,-0.5288347005844116,0.0,0.0,0.0,0.0,0.0,0.4652000665664673,1.5506669282913208,1.5506669282913208,1.5506669282913208,1.5506669282913208,0,0,0,0
0.0,0.0,0.0,0.0,0.0,0.0,0.0,0.0,0.0,-0.0,0.0,-0.0,0.0,0.0,-1.2217323780059814,0.13613229990005493,-0.0,0.0,0.22863812744617462,-0.6230825185775757,-0.5288347005844116,0.0,0.0,0.0,0.0,0.0,0.4531900882720947,1.5106335878372192,1.5106335878372192,1.5106335878372192,1.5106335878372192,0,0,0,0
0.0,0.0,0.0,0.0,0.0,0.0,0.0,0.0,0.0,-0.0,0.0,-0.0,0.0,0.0,-1.221732258796692,0.13613256812095642,-0.0,0.0,0.22863812744617462,-0.6230825185775757,-0.5288347005844116,0.0,0.0,0.0,0.0,0.0,0.4417864978313446,1.4726215600967407,1.4726215600967407,1.4726215600967407,1.4726215600967407,0,0,0,0
0.0,0.0,0.0,0.0,0.0,0.0,0.0,0.0,0.0,-0.0,0.0,-0.0,0.0,0.0,-1.221732258796692,0.13613276183605194,-0.0,0.0,0.22863812744617462,-0.6230825185775757,-0.5288347005844116,0.0,0.0,0.0,0.0,0.0,0.43237149715423584,1.4412381649017334,1.4412381649017334,1.4412381649017334,1.4412381649017334,0,0,0,0
0.0,0.0,0.0,0.0,0.0,0.0,0.0,0.0,0.0,-0.0,0.0,-0.0,0.0,0.0,-1.221732258796692,0.13613291084766388,-0.0,0.0,0.22863812744617462,-0.6230825185775757,-0.5288347005844116,0.0,0.0,0.0,0.0,0.0,0.42475780844688416,1.415859341621399,1.415859341621399,1.415859341621399,1.415859341621399,0,0,0,0
0.0,0.0,0.0,0.0,0.0,0.0,0.0,0.0,0.0,-0.0,0.0,-0.0,0.0,0.0,-1.221732258796692,0.13613301515579224,-0.0,0.0,0.22863812744617462,-0.6230825185775757,-0.5288347005844116,0.0,0.0,0.0,0.0,0.0,0.41836580634117126,1.3945528268814087,1.3945528268814087,1.3945528268814087,1.3945528268814087,0,0,0,0
0.0,0.0,0.0,0.0,0.0,0.0,0.0,0.0,0.0,-0.0,0.0,-0.0,0.0,0.0,-1.221732258796692,0.1361331045627594,-0.0,0.0,0.22863812744617462,-0.6230825185775757,-0.5288347005844116,0.0,0.0,0.0,0.0,0.0,0.4125720262527466,1.3752402067184448,1.3752402067184448,1.3752402067184448,1.3752402067184448,0,0,0,0
0.0,0.0,0.0,0.0,0.0,0.0,0.0,0.0,0.0,-0.0,0.0,-0.0,0.0,0.0,-1.2217321395874023,0.13613320887088776,-0.0,0.0,0.22863812744617462,-0.6230825185775757,-0.5288347005844116,0.0,0.0,0.0,0.0,0.0,0.4062408208847046,1.3541361093521118,1.3541361093521118,1.3541361093521118,1.3541361093521118,0,0,0,0
0.0,0.0,0.0,0.0,0.0,0.0,0.0,0.0,0.0,-0.0,0.0,-0.0,0.0,0.0,-1.2217321395874023,0.1361333429813385,-0.0,0.0,0.22863812744617462,-0.6230825185775757,-0.5288347005844116,0.0,0.0,0.0,0.0,0.0,0.39790621399879456,1.326353907585144,1.326353907585144,1.326353907585144,1.326353907585144,0,0,0,0
0.0,0.0,0.0,0.0,0.0,0.0,0.0,0.0,0.0,-0.0,0.0,-0.0,0.0,0.0,-1.2217321395874023,0.13613350689411163,-0.0,0.0,0.22863812744617462,-0.6230825185775757,-0.5288347005844116,0.0,0.0,0.0,0.0,0.0,0.38612091541290283,1.28706955909729,1.28706955909729,1.28706955909729,1.28706955909729,0,0,0,0
0.0,0.0,0.0,0.0,0.0,0.0,0.0,0.0,0.0,-0.0,0.0,-0.0,0.0,0.0,-1.2217321395874023,0.13613373041152954,-0.0,0.0,0.22863812744617462,-0.6230825185775757,-0.5288347005844116,0.0,0.0,0.0,0.0,0.0,0.37088876962661743,1.2362959384918213,1.2362959384918213,1.2362959384918213,1.2362959384918213,0,0,0,0
0.0,0.0,0.0,0.0,0.0,0.0,0.0,0.0,0.0,-0.0,0.0,-0.0,0.0,0.0,-1.2217321395874023,0.13613393902778625,-0.0,0.0,0.22863812744617462,-0.6230825185775757,-0.5288347005844116,0.0,0.0,0.0,0.0,0.0,0.3544635474681854,1.1815451383590698,1.1815451383590698,1.1815451383590698,1.1815451383590698,0,0,0,0
0.0,0.0,0.0,0.0,0.0,0.0,0.0,0.0,0.0,-0.0,0.0,-0.0,0.0,0.0,-1.2217321395874023,0.13613411784172058,-0.0,0.0,0.22863812744617462,-0.6230825185775757,-0.5288347005844116,0.0,0.0,0.0,0.0,0.0,0.3392920196056366,1.1309733390808105,1.1309733390808105,1.1309733390808105,1.1309733390808105,0,0,0,0
0.0,0.0,0.0,0.0,0.0,0.0,0.0,0.0,0.0,-0.0,0.0,-0.0,0.0,0.0,-1.2217321395874023,0.13613423705101013,-0.0,0.0,0.22863812744617462,-0.6230825185775757,-0.5288347005844116,0.0,0.0,0.0,0.0,0.0,0.32724717259407043,1.090823769569397,1.090823769569397,1.090823769569397,1.090823769569397,0,0,0,0
0.0,0.0,0.0,0.0,0.0,0.0,0.0,0.0,0.0,-0.0,0.0,-0.0,0.0,0.0,-1.2217321395874023,0.1361343115568161,-0.0,0.0,0.22863812744617462,-0.6230825185775757,-0.5288347005844116,0.0,0.0,0.0,0.0,0.0,0.31790685653686523,1.0596892833709717,1.0596892833709717,1.0596892833709717,1.0596892833709717,0,0,0,0
0.0,0.0,0.0,0.0,0.0,0.0,0.0,0.0,0.0,-0.0,0.0,-0.0,0.0,0.0,-1.2217321395874023,0.13613438606262207,-0.0,0.0,0.22863812744617462,-0.6230825185775757,-0.5288347005844116,0.0,0.0,0.0,0.0,0.0,0.31027477979660034,1.034248948097229,1.034248948097229,1.034248948097229,1.034248948097229,0,0,0,0
0.0,0.0,0.0,0.0,0.0,0.0,0.0,0.0,0.0,-0.0,0.0,-0.0,0.0,0.0,-1.2217321395874023,0.13613441586494446,-0.0,0.0,0.22863812744617462,-0.6230825185775757,-0.5288347005844116,0.0,0.0,0.0,0.0,0.0,0.30333128571510315,1.011103868484497,1.011103868484497,1.011103868484497,1.011103868484497,0,0,0,0
0.0,0.0,0.0,0.0,0.0,0.0,0.0,0.0,0.0,-0.0,0.0,-0.0,0.0,0.0,-1.2217321395874023,0.13613449037075043,-0.0,0.0,0.22863812744617462,-0.6230825185775757,-0.5288347005844116,0.0,0.0,0.0,0.0,0.0,0.295779824256897,0.9859323501586914,0.9859323501586914,0.9859323501586914,0.9859323501586914,0,0,0,0
0.0,0.0,0.0,0.0,0.0,0.0,0.0,0.0,0.0,-0.0,0.0,-0.0,0.0,0.0,-1.2217321395874023,0.1361345797777176,-0.0,0.0,0.22863812744617462,-0.6230825185775757,-0.5288347005844116,0.0,0.0,0.0,0.0,0.0,0.2861453592777252,0.9538175463676453,0.9538175463676453,0.9538175463676453,0.9538175463676453,0,0,0,0
0.0,0.0,0.0,0.0,0.0,0.0,0.0,0.0,0.0,-0.0,0.0,-0.0,0.0,0.0,-1.2217321395874023,0.13613466918468475,-0.0,0.0,0.22863812744617462,-0.6230825185775757,-0.5288347005844116,0.0,0.0,0.0,0.0,0.0,0.27297547459602356,0.9099180698394775,0.9099180698394775,0.9099180698394775,0.9099180698394775,0,0,0,0
0.0,0.0,0.0,0.0,0.0,0.0,0.0,0.0,0.0,-0.0,0.0,-0.0,0.0,0.0,-1.2217321395874023,0.1361348032951355,-0.0,0.0,0.22863812744617462,-0.6230825185775757,-0.5288347005844116,0.0,0.0,0.0,0.0,0.0,0.25634393095970154,0.8544796705245972,0.8544796705245972,0.8544796705245972,0.8544796705245972,0,0,0,0
0.0,0.0,0.0,0.0,0.0,0.0,0.0,0.0,0.0,-0.0,0.0,-0.0,0.0,0.0,-1.2217321395874023,0.13613493740558624,-0.0,0.0,0.22863812744617462,-0.6230825185775757,-0.5288347005844116,0.0,0.0,0.0,0.0,0.0,0.23869115114212036,0.7956371903419495,0.7956371903419495,0.7956371903419495,0.7956371903419495,0,0,0,0
0.0,0.0,0.0,0.0,0.0,0.0,0.0,0.0,0.0,-0.0,0.0,-0.0,0.0,0.0,-1.2217321395874023,0.1361350417137146,-0.0,0.0,0.22863812744617462,-0.6230825185775757,-0.5288347005844116,0.0,0.0,0.0,0.0,0.0,0.2226603925228119,0.7422013282775879,0.7422013282775879,0.7422013282775879,0.7422013282775879,0,0,0,0
0.0,0.0,0.0,0.0,0.0,0.0,0.0,0.0,0.0,-0.0,0.0,-0.0,0.0,0.0,-1.2217321395874023,0.13613510131835938,-0.0,0.0,0.22863812744617462,-0.6230825185775757,-0.5288347005844116,0.0,0.0,0.0,0.0,0.0,0.21025386452674866,0.7008461952209473,0.7008461952209473,0.7008461952209473,0.7008461952209473,0,0,0,0
0.0,0.0,0.0,0.0,0.0,0.0,0.0,0.0,0.0,-0.0,0.0,-0.0,0.0,0.0,-1.2217320203781128,0.13613517582416534,-0.0,0.0,0.22863812744617462,-0.6230825185775757,-0.5288347005844116,0.0,0.0,0.0,0.0,0.0,0.20090854167938232,0.6696951389312744,0.6696951389312744,0.6696951389312744,0.6696951389312744,0,0,0,0
0.0,0.0,0.0,0.0,0.0,0.0,0.0,0.0,0.0,-0.0,0.0,-0.0,0.0,0.0,-1.2217320203781128,0.13613517582416534,-0.0,0.0,0.22863812744617462,-0.6230825185775757,-0.5288347005844116,0.0,0.0,0.0,0.0,0.0,0.19342002272605896,0.6447334289550781,0.6447334289550781,0.6447334289550781,0.6447334289550781,0,0,0,0
0.0,0.0,0.0,0.0,0.0,0.0,0.0,0.0,0.0,-0.0,0.0,-0.0,0.0,0.0,-1.2217320203781128,0.13613520562648773,-0.0,0.0,0.22863812744617462,-0.6230825185775757,-0.5288347005844116,0.0,0.0,0.0,0.0,0.0,0.1865832358598709,0.621944010257721,0.621944010257721,0.621944010257721,0.621944010257721,0,0,0,0
0.0,0.0,0.0,0.0,0.0,0.0,0.0,0.0,0.0,-0.0,0.0,-0.0,0.0,0.0,-1.2217321395874023,0.13613523542881012,-0.0,0.0,0.22863812744617462,-0.6230825185775757,-0.5288347005844116,0.0,0.0,0.0,0.0,0.0,0.1791820526123047,0.5972733497619629,0.5972733497619629,0.5972733497619629,0.5972733497619629,0,0,0,0
0.0,0.0,0.0,0.0,0.0,0.0,0.0,0.0,0.0,-0.0,0.0,-0.0,0.0,0.0,-1.2217321395874023,0.1361352950334549,-0.0,0.0,0.22863812744617462,-0.6230825185775757,-0.5288347005844116,0.0,0.0,0.0,0.0,0.0,0.1699935346841812,0.5666449069976807,0.5666449069976807,0.5666449069976807,0.5666449069976807,0,0,0,0
0.0,0.0,0.0,0.0,0.0,0.0,0.0,0.0,0.0,-0.0,0.0,-0.0,0.0,0.0,-1.2217321395874023,0.13613533973693848,-0.0,0.0,0.22863812744617462,-0.6230825185775757,-0.5288347005844116,0.0,0.0,0.0,0.0,0.0,0.15781673789024353,0.526055634021759,0.526055634021759,0.526055634021759,0.526055634021759,0,0,0,0
0.0,0.0,0.0,0.0,0.0,0.0,0.0,0.0,0.0,-0.0,0.0,-0.0,0.0,0.0,-1.2217321395874023,0.13613541424274445,-0.0,0.0,0.22863812744617462,-0.6230825185775757,-0.5288347005844116,0.0,0.0,0.0,0.0,0.0,0.14278221130371094,0.47594067454338074,0.47594067454338074,0.47594067454338074,0.47594067454338074,0,0,0,0
0.0,0.0,0.0,0.0,0.0,0.0,0.0,0.0,0.0,-0.0,0.0,-0.0,0.0,0.0,-1.2217321395874023,0.13613547384738922,-0.0,0.0,0.22863812744617462,-0.6230825185775757,-0.5288347005844116,0.0,0.0,0.0,0.0,0.0,0.12708507478237152,0.42361700534820557,0.42361700534820557,0.42361700534820557,0.42361700534820557,0,0,0,0
0.0,0.0,0.0,0.0,0.0,0.0,0.0,0.0,0.0,-0.0,0.0,-0.0,0.0,0.0,-1.2217320203781128,0.13613548874855042,-0.0,0.0,0.22863812744617462,-0.6230825185775757,-0.5288347005844116,0.0,0.0,0.0,0.0,0.0,0.11309733986854553,0.37699127197265625,0.37699127197265625,0.37699127197265625,0.37699127197265625,0,0,0,0
0.0,0.0,0.0,0.0,0.0,0.0,0.0,0.0,0.0,-0.0,0.0,-0.0,0.0,0.0,-1.2217320203781128,0.13613548874855042,-0.0,0.0,0.22863812744617462,-0.6230825185775757,-0.5288347005844116,0.0,0.0,0.0,0.0,0.0,0.102594755589962,0.3419826924800873,0.3419826924800873,0.3419826924800873,0.3419826924800873,0,0,0,0
0.0,0.0,0.0,0.0,0.0,0.0,0.0,0.0,0.0,-0.0,0.0,-0.0,0.0,0.0,-1.2217319011688232,0.13613548874855042,-0.0,0.0,0.22863812744617462,-0.6230825185775757,-0.5288347005844116,0.0,0.0,0.0,0.0,0.0,0.09496704488992691,0.3165569007396698,0.3165569007396698,0.3165569007396698,0.3165569007396698,0,0,0,0
0.0,0.0,0.0,0.0,0.0,0.0,0.0,0.0,0.0,-0.0,0.0,-0.0,0.0,0.0,-1.2217319011688232,0.13613548874855042,-0.0,0.0,0.22863812744617462,-0.6230825185775757,-0.5288347005844116,0.0,0.0,0.0,0.0,0.0,0.08900723606348038,0.2966908812522888,0.2966908812522888,0.2966908812522888,0.2966908812522888,0,0,0,0
0.0,0.0,0.0,0.0,0.0,0.0,0.0,0.0,0.0,-0.0,0.0,-0.0,0.0,0.0,-1.2217319011688232,0.13613548874855042,-0.0,0.0,0.22863812744617462,-0.6230825185775757,-0.5288347005844116,0.0,0.0,0.0,0.0,0.0,0.08353344351053238,0.2784448564052582,0.2784448564052582,0.2784448564052582,0.2784448564052582,0,0,0,0
0.0,0.0,0.0,0.0,0.0,0.0,0.0,0.0,0.0,-0.0,0.0,-0.0,0.0,0.0,-1.2217319011688232,0.13613548874855042,-0.0,0.0,0.22863812744617462,-0.6230825185775757,-0.5288347005844116,0.0,0.0,0.0,0.0,0.0,0.07765184342861176,0.25883948802948,0.25883948802948,0.25883948802948,0.25883948802948,0,0,0,0
0.0,0.0,0.0,0.0,0.0,0.0,0.0,0.0,0.0,-0.0,0.0,-0.0,0.0,0.0,-1.2217319011688232,0.13613548874855042,-0.0,0.0,0.22863812744617462,-0.6230825185775757,-0.5288347005844116,0.0,0.0,0.0,0.0,0.0,0.07065457105636597,0.235515296459198,0.235515296459198,0.235515296459198,0.235515296459198,0,0,0,0
0.0,0.0,0.0,0.0,0.0,0.0,0.0,0.0,0.0,-0.0,0.0,-0.0,0.0,0.0,-1.2217319011688232,0.13613557815551758,-0.0,0.0,0.22863812744617462,-0.6230825185775757,-0.5288347005844116,0.0,0.0,0.0,0.0,0.0,0.06185131147503853,0.20617108047008514,0.20617108047008514,0.20617108047008514,0.20617108047008514,0,0,0,0
0.0,0.0,0.0,0.0,0.0,0.0,0.0,0.0,0.0,-0.0,0.0,-0.0,0.0,0.0,-1.2217317819595337,0.13613557815551758,-0.0,0.0,0.22863812744617462,-0.6230825185775757,-0.5288347005844116,0.0,0.0,0.0,0.0,0.0,0.05141526833176613,0.17138426005840302,0.17138426005840302,0.17138426005840302,0.17138426005840302,0,0,0,0
0.0,0.0,0.0,0.0,0.0,0.0,0.0,0.0,0.0,-0.0,0.0,-0.0,0.0,0.0,-1.2217316627502441,0.13613557815551758,-0.0,0.0,0.22863812744617462,-0.6230825185775757,-0.5288347005844116,0.0,0.0,0.0,0.0,0.0,0.04085870087146759,0.13619567453861237,0.13619567453861237,0.13619567453861237,0.13619567453861237,0,0,0,0
0.0,0.0,0.0,0.0,0.0,0.0,0.0,0.0,0.0,-0.0,0.0,-0.0,0.0,0.0,-1.2217315435409546,0.13613566756248474,-0.0,0.0,0.22863812744617462,-0.6230825185775757,-0.5288347005844116,0.0,0.0,0.0,0.0,0.0,0.031808555126190186,0.10602855682373047,0.10602855682373047,0.10602855682373047,0.10602855682373047,0,0,0,0
0.0,0.0,0.0,0.0,0.0,0.0,0.0,0.0,0.0,-0.0,0.0,-0.0,0.0,0.0,-1.2217315435409546,0.13613566756248474,-0.0,0.0,0.22863812744617462,-0.6230825185775757,-0.5288347005844116,0.0,0.0,0.0,0.0,0.0,0.025456992909312248,0.08485675603151321,0.08485675603151321,0.08485675603151321,0.08485675603151321,0,0,0,0
0.0,0.0,0.0,0.0,0.0,0.0,0.0,0.0,0.0,-0.0,0.0,-0.0,0.0,0.0,-1.221731424331665,0.13613566756248474,-0.0,0.0,0.22863812744617462,-0.6230825185775757,-0.5288347005844116,0.0,0.0,0.0,0.0,0.0,0.021256159991025925,0.0708540678024292,0.0708540678024292,0.0708540678024292,0.0708540678024292,0,0,0,0
0.0,0.0,0.0,0.0,0.0,0.0,0.0,0.0,0.0,-0.0,0.0,-0.0,0.0,0.0,-1.221731424331665,0.13613566756248474,-0.0,0.0,0.22863812744617462,-0.6230825185775757,-0.5288347005844116,0.0,0.0,0.0,0.0,0.0,0.01822313666343689,0.0607440248131752,0.0607440248131752,0.0607440248131752,0.0607440248131752,0,0,0,0
0.0,0.0,0.0,0.0,0.0,0.0,0.0,0.0,0.0,-0.0,0.0,-0.0,0.0,0.0,-1.2217313051223755,0.13613566756248474,-0.0,0.0,0.22863812744617462,-0.6230825185775757,-0.5288347005844116,0.0,0.0,0.0,0.0,0.0,0.015424055978655815,0.051413729786872864,0.051413729786872864,0.051413729786872864,0.051413729786872864,0,0,0,0
0.0,0.0,0.0,0.0,0.0,0.0,0.0,0.0,0.0,-0.0,0.0,-0.0,0.0,0.0,-1.221731185913086,0.13613566756248474,-0.0,0.0,0.22863812744617462,-0.6230825185775757,-0.5288347005844116,0.0,0.0,0.0,0.0,0.0,0.012493814341723919,0.041646167635917664,0.041646167635917664,0.041646167635917664,0.041646167635917664,0,0,0,0
0.0,0.0,0.0,0.0,0.0,0.0,0.0,0.0,0.0,-0.0,0.0,-0.0,0.0,0.0,-1.221731185913086,0.13613566756248474,-0.0,0.0,0.22863812744617462,-0.6230825185775757,-0.5288347005844116,0.0,0.0,0.0,0.0,0.0,0.009434318169951439,0.03144774213433266,0.03144774213433266,0.03144774213433266,0.03144774213433266,0,0,0,0
0.0,0.0,0.0,0.0,0.0,0.0,0.0,0.0,0.0,-0.0,0.0,-0.0,0.0,0.0,-1.2217310667037964,0.13613569736480713,-0.0,0.0,0.22863812744617462,-0.6230825185775757,-0.5288347005844116,0.0,0.0,0.0,0.0,0.0,0.006257521454244852,0.020858362317085266,0.020858362317085266,0.020858362317085266,0.020858362317085266,0,0,0,0
0.0,0.0,0.0,0.0,0.0,0.0,0.0,0.0,0.0,-0.0,0.0,-0.0,0.0,0.0,-1.2217309474945068,0.13613569736480713,-0.0,0.0,0.22863812744617462,-0.6230825185775757,-0.5288347005844116,0.0,0.0,0.0,0.0,0.0,0.003211508970707655,0.01070498488843441,0.01070498488843441,0.01070498488843441,0.01070498488843441,0,0,0,0
0.0,0.0,0.0,0.0,0.0,0.0,0.0,0.0,0.0,-0.0,0.0,-0.0,0.0,0.0,-1.2217308282852173,0.13613569736480713,-0.0,0.0,0.22863812744617462,-0.6230825185775757,-0.5288347005844116,0.0,0.0,0.0,0.0,0.0,0.0009104810887947679,0.0030349181033670902,0.0030349181033670902,0.0030349181033670902,0.0030349181033670902,0,0,0,0
0.0,0.0,0.0,0.0,0.0,0.0,0.0,0.0,0.0,-0.0,0.0,-0.0,0.0,0.0,-1.2217304706573486,0.13613572716712952,-0.0,0.0,0.22863811254501343,-0.6230825185775757,-0.5288347601890564,0.0,0.0,0.0,0.0,0.0,0.0,0.0,0.0,0.0,0.0,0,0,0,0
0.0,0.0,0.0,0.0,0.0,0.0,0.0,0.0,0.0,-0.0,0.0,-0.0,0.0,0.0,-1.2213512659072876,0.13609349727630615,-0.0,0.0,0.2285671830177307,-0.6228892207145691,-0.5286707878112793,0.0,0.0,0.0,0.0,0.0,0.0,0.0,0.0,0.0,0.0,0,0,0,0
0.0,0.0,0.0,0.0,0.0,0.0,0.0,0.0,0.0,-0.0,0.0,-0.0,0.0,0.0,-1.2204477787017822,0.13599282503128052,-0.0,0.0,0.2283981442451477,-0.6224285364151001,-0.5282797813415527,0.0,0.0,0.0,0.0,0.0,0.0,0.0,0.0,0.0,0.0,0,0,0,0
0.0,0.0,0.0,0.0,0.0,0.0,0.0,0.0,0.0,-0.0,0.0,-0.0,0.0,0.0,-1.2193702459335327,0.1358727514743805,-0.0,0.0,0.22819651663303375,-0.6218791007995605,-0.5278134346008301,0.0,0.0,0.0,0.0,0.0,0.0,0.0,0.0,0.0,0.0,0,0,0,0
0.0,0.0,0.0,0.0,0.0,0.0,0.0,0.0,0.0,-0.0,0.0,-0.0,0.0,0.0,-1.2184076309204102,0.13576547801494598,-0.0,0.0,0.22801636159420013,-0.6213880777359009,-0.5273967385292053,0.0,0.0,0.0,0.0,0.0,0.0,0.0,0.0,0.0,0.0,0,0,0,0
0.0,0.0,0.0,0.0,0.0,0.0,0.0,0.0,0.0,-0.0,0.0,-0.0,0.0,0.0,-1.217134952545166,0.13562367856502533,-0.0,0.0,0.22777822613716125,-0.6207391023635864,-0.5268458127975464,0.0,0.0,0.0,0.0,0.0,0.0,0.0,0.0,0.0,0.0,0,0,0,0
0.0,0.0,0.0,0.0,0.0,0.0,0.0,0.0,0.0,-0.0,0.0,-0.0,0.0,0.0,-1.2146673202514648,0.13534873723983765,-0.0,0.0,0.22731643915176392,-0.6194807291030884,-0.5257776975631714,0.0,0.0,0.0,0.0,0.0,0.0,0.0,0.0,0.0,0.0,0,0,0,0
0.0,0.0,0.0,0.0,0.0,0.0,0.0,0.0,0.0,-0.0,0.0,-0.0,0.0,0.0,-1.2101247310638428,0.13484257459640503,-0.0,0.0,0.2264663279056549,-0.6171640157699585,-0.5238114595413208,0.0,0.0,0.0,0.0,0.0,0.0,0.0,0.0,0.0,0.0,0,0,0,0
0.0,0.0,0.0,0.0,0.0,0.0,0.0,0.0,0.0,-0.0,0.0,-0.0,0.0,0.0,-1.2033783197402954,0.1340908706188202,-0.0,0.0,0.22520381212234497,-0.6137233972549438,-0.5208913087844849,0.0,0.0,0.0,0.0,0.0,0.0,0.0,0.0,0.0,0.0,0,0,0,0
0.0,0.0,0.0,0.0,0.0,0.0,0.0,0.0,0.0,-0.0,0.0,-0.0,0.0,0.0,-1.195464849472046,0.13320909440517426,-0.0,0.0,0.2237228900194168,-0.6096875667572021,-0.5174660086631775,0.0,0.0,0.0,0.0,0.0,0.0,0.0,0.0,0.0,0.0,0,0,0,0
0.0,0.0,0.0,0.0,0.0,0.0,0.0,0.0,0.0,-0.0,0.0,-0.0,0.0,0.0,-1.1875207424163818,0.13232392072677612,-0.0,0.0,0.22223623096942902,-0.6056361794471741,-0.5140274167060852,0.0,0.0,0.0,0.0,0.0,0.0,0.0,0.0,0.0,0.0,0,0,0,0
0.0,0.0,0.0,0.0,0.0,0.0,0.0,0.0,0.0,-0.0,0.0,-0.0,0.0,0.0,-1.1804656982421875,0.1315377801656723,-0.0,0.0,0.22091592848300934,-0.6020381450653076,-0.5109735727310181,0.0,0.0,0.0,0.0,0.0,0.0,0.0,0.0,0.0,0.0,0,0,0,0
0.0,0.0,0.0,0.0,0.0,0.0,0.0,0.0,0.0,-0.0,0.0,-0.0,0.0,0.0,-1.1743497848510742,0.13085630536079407,-0.0,0.0,0.21977141499519348,-0.5989190936088562,-0.5083263516426086,0.0,0.0,0.0,0.0,0.0,0.0,0.0,0.0,0.0,0.0,0,0,0,0
0.0,0.0,0.0,0.0,0.0,0.0,0.0,0.0,0.0,-0.0,0.0,-0.0,0.0,0.0,-1.16900634765625,0.1302608996629715,-0.0,0.0,0.21877145767211914,-0.5961940288543701,-0.5060133934020996,0.0,0.0,0.0,0.0,0.0,0.0,0.0,0.0,0.0,0.0,0,0,0,0
0.0,0.0,0.0,0.0,0.0,0.0,0.0,0.0,0.0,-0.0,0.0,-0.0,0.0,0.0,-1.1642000675201416,0.1297253519296646,-0.0,0.0,0.21787197887897491,-0.5937427878379822,-0.5039330124855042,0.0,0.0,0.0,0.0,0.0,0.0,0.0,0.0,0.0,0.0,0,0,0,0
0.0,0.0,0.0,0.0,0.0,0.0,0.0,0.0,0.0,-0.0,0.0,-0.0,0.0,0.0,-1.158895492553711,0.12913428246974945,-0.0,0.0,0.21687929332256317,-0.591037392616272,-0.5016369223594666,0.0,0.0,0.0,0.0,0.0,0.0,0.0,0.0,0.0,0.0,0,0,0,0
0.0,0.0,0.0,0.0,0.0,0.0,0.0,0.0,0.0,-0.0,0.0,-0.0,0.0,0.0,-1.1515421867370605,0.12831491231918335,-0.0,0.0,0.21550317108631134,-0.5872872471809387,-0.49845394492149353,0.0,0.0,0.0,0.0,0.0,0.0,0.0,0.0,0.0,0.0,0,0,0,0
0.0,0.0,0.0,0.0,0.0,0.0,0.0,0.0,0.0,-0.0,0.0,-0.0,0.0,0.0,-1.1406052112579346,0.1270962357521057,-0.0,0.0,0.2134564071893692,-0.5817095041275024,-0.4937198758125305,0.0,0.0,0.0,0.0,0.0,0.0,0.0,0.0,0.0,0.0,0,0,0,0
0.0,0.0,0.0,0.0,0.0,0.0,0.0,0.0,0.0,-0.0,0.0,-0.0,0.0,0.0,-1.1260019540786743,0.12546901404857635,-0.0,0.0,0.21072350442409515,-0.5742617845535278,-0.4873987138271332,0.0,0.0,0.0,0.0,0.0,0.0,0.0,0.0,0.0,0.0,0,0,0,0
0.0,0.0,0.0,0.0,0.0,0.0,0.0,0.0,0.0,-0.0,0.0,-0.0,0.0,0.0,-1.1099021434783936,0.12367501854896545,-0.0,0.0,0.20771057903766632,-0.5660509467124939,-0.48042988777160645,0.0,0.0,0.0,0.0,0.0,0.0,0.0,0.0,0.0,0.0,0,0,0,0
0.0,0.0,0.0,0.0,0.0,0.0,0.0,0.0,0.0,-0.0,0.0,-0.0,0.0,0.0,-1.0946686267852783,0.12197756767272949,-0.0,0.0,0.20485973358154297,-0.5582818984985352,-0.47383594512939453,0.0,0.0,0.0,0.0,0.0,0.0,0.0,0.0,0.0,0.0,0,0,0,0
0.0,0.0,0.0,0.0,0.0,0.0,0.0,0.0,0.0,-0.0,0.0,-0.0,0.0,0.0,-1.082139492034912,0.12058146297931671,-0.0,0.0,0.20251499116420746,-0.551892101764679,-0.4684126377105713,0.0,0.0,0.0,0.0,0.0,0.0,0.0,0.0,0.0,0.0,0,0,0,0
0.0,0.0,0.0,0.0,0.0,0.0,0.0,0.0,0.0,-0.0,0.0,-0.0,0.0,0.0,-1.0720516443252563,0.1194574236869812,-0.0,0.0,0.2006271779537201,-0.5467473864555359,-0.4640461206436157,0.0,0.0,0.0,0.0,0.0,0.0,0.0,0.0,0.0,0.0,0,0,0,0
0.0,0.0,0.0,0.0,0.0,0.0,0.0,0.0,0.0,-0.0,0.0,-0.0,0.0,0.0,-1.0636166334152222,0.11851754784584045,-0.0,0.0,0.19904862344264984,-0.5424455404281616,-0.4603950083255768,0.0,0.0,0.0,0.0,0.0,0.0,0.0,0.0,0.0,0.0,0,0,0,0
0.0,0.0,0.0,0.0,0.0,0.0,0.0,0.0,0.0,-0.0,0.0,-0.0,0.0,0.0,-1.0559874773025513,0.11766743659973145,-0.0,0.0,0.19762088358402252,-0.5385546684265137,-0.45709264278411865,0.0,0.0,0.0,0.0,0.0,0.0,0.0,0.0,0.0,0.0,0,0,0,0
0.0,0.0,0.0,0.0,0.0,0.0,0.0,0.0,0.0,-0.0,0.0,-0.0,0.0,0.0,-1.047628402709961,0.11673600971698761,-0.0,0.0,0.1960565447807312,-0.5342915654182434,-0.45347440242767334,0.0,0.0,0.0,0.0,0.0,0.0,0.0,0.0,0.0,0.0,0,0,0,0
0.0,0.0,0.0,0.0,0.0,0.0,0.0,0.0,0.0,-0.0,0.0,-0.0,0.0,0.0,-1.036561131477356,0.11550278961658478,-0.0,0.0,0.19398532807826996,-0.5286471843719482,-0.4486837685108185,0.0,0.0,0.0,0.0,0.0,0.0,0.0,0.0,0.0,0.0,0,0,0,0
0.0,0.0,0.0,0.0,0.0,0.0,0.0,0.0,0.0,-0.0,0.0,-0.0,0.0,0.0,-1.0208319425582886,0.11375012248754501,-0.0,0.0,0.1910417675971985,-0.5206253528594971,-0.4418753385543823,0.0,0.0,0.0,0.0,0.0,0.0,0.0,0.0,0.0,0.0,0,0,0,0
0.0,0.0,0.0,0.0,0.0,0.0,0.0,0.0,0.0,-0.0,0.0,-0.0,0.0,0.0,-1.000427484512329,0.11147647351026535,-0.0,0.0,0.18722321093082428,-0.5102190375328064,-0.43304309248924255,0.0,0.0,0.0,0.0,0.0,0.0,0.0,0.0,0.0,0.0,0,0,0,0
0.0,0.0,0.0,0.0,0.0,0.0,0.0,0.0,0.0,-0.0,0.0,-0.0,0.0,0.0,-0.9783438444137573,0.10901573300361633,-0.0,0.0,0.1830904334783554,-0.49895644187927246,-0.42348405718803406,0.0,0.0,0.0,0.0,0.0,0.0,0.0,0.0,0.0,0.0,0,0,0,0
0.0,0.0,0.0,0.0,0.0,0.0,0.0,0.0,0.0,-0.0,0.0,-0.0,0.0,0.0,-0.9578344821929932,0.1067304015159607,-0.0,0.0,0.1792522668838501,-0.48849669098854065,-0.4146064519882202,0.0,0.0,0.0,0.0,0.0,0.0,0.0,0.0,0.0,0.0,0,0,0,0
0.0,0.0,0.0,0.0,0.0,0.0,0.0,0.0,0.0,-0.0,0.0,-0.0,0.0,0.0,-0.941400945186615,0.10489924252033234,-0.0,0.0,0.17617686092853546,-0.4801155924797058,-0.40749308466911316,0.0,0.0,0.0,0.0,0.0,0.0,0.0,0.0,0.0,0.0,0,0,0,0
0.0,0.0,0.0,0.0,0.0,0.0,0.0,0.0,0.0,-0.0,0.0,-0.0,0.0,0.0,-0.9285315871238708,0.103465236723423,-0.0,0.0,0.17376846075057983,-0.47355225682258606,-0.4019225239753723,0.0,0.0,0.0,0.0,0.0,0.0,0.0,0.0,0.0,0.0,0,0,0,0
0.0,0.0,0.0,0.0,0.0,0.0,0.0,0.0,0.0,-0.0,0.0,-0.0,0.0,0.0,-0.9179609417915344,0.10228736698627472,-0.0,0.0,0.1717902570962906,-0.4681612551212311,-0.39734697341918945,0.0,0.0,0.0,0.0,0.0,0.0,0.0,0.0,0.0,0.0,0,0,0,0
0.0,0.0,0.0,0.0,0.0,0.0,0.0,0.0,0.0,-0.0,0.0,-0.0,0.0,0.0,-0.9083768725395203,0.10121941566467285,-0.0,0.0,0.16999667882919312,-0.46327337622642517,-0.3931984007358551,0.0,0.0,0.0,0.0,0.0,0.0,0.0,0.0,0.0,0.0,0,0,0,0
0.0,0.0,0.0,0.0,0.0,0.0,0.0,0.0,0.0,-0.0,0.0,-0.0,0.0,0.0,-0.8979106545448303,0.10005316138267517,-0.0,0.0,0.16803796589374542,-0.45793554186820984,-0.3886680006980896,0.0,0.0,0.0,0.0,0.0,0.0,0.0,0.0,0.0,0.0,0,0,0,0
0.0,0.0,0.0,0.0,0.0,0.0,0.0,0.0,0.0,-0.0,0.0,-0.0,0.0,0.0,-0.884335994720459,0.0985405445098877,-0.0,0.0,0.1654975563287735,-0.4510124921798706,-0.3827921450138092,0.0,0.0,0.0,0.0,0.0,0.0,0.0,0.0,0.0,0.0,0,0,0,0
0.0,0.0,0.0,0.0,0.0,0.0,0.0,0.0,0.0,-0.0,0.0,-0.0,0.0,0.0,-0.865458607673645,0.09643705934286118,-0.0,0.0,0.1619647741317749,-0.4413850009441376,-0.3746209144592285,0.0,0.0,0.0,0.0,0.0,0.0,0.0,0.0,0.0,0.0,0,0,0,0
0.0,0.0,0.0,0.0,0.0,0.0,0.0,0.0,0.0,-0.0,0.0,-0.0,0.0,0.0,-0.8413245677947998,0.09374784678220749,-0.0,0.0,0.15744826197624207,-0.4290766417980194,-0.36417433619499207,0.0,0.0,0.0,0.0,0.0,0.0,0.0,0.0,0.0,0.0,0,0,0,0
0.0,0.0,0.0,0.0,0.0,0.0,0.0,0.0,0.0,-0.0,0.0,-0.0,0.0,0.0,-0.8154578804969788,0.09086556732654572,-0.0,0.0,0.1526075005531311,-0.4158845841884613,-0.3529776930809021,0.0,0.0,0.0,0.0,0.0,0.0,0.0,0.0,0.0,0.0,0,0,0,0
0.0,0.0,0.0,0.0,0.0,0.0,0.0,0.0,0.0,-0.0,0.0,-0.0,0.0,0.0,-0.7916792035102844,0.08821594715118408,-0.0,0.0,0.1481574922800064,-0.4037574529647827,-0.34268492460250854,0.0,0.0,0.0,0.0,0.0,0.0,0.0,0.0,0.0,0.0,0,0,0,0
0.0,0.0,0.0,0.0,0.0,0.0,0.0,0.0,0.0,-0.0,0.0,-0.0,0.0,0.0,-0.7729074358940125,0.0861242413520813,-0.0,0.0,0.14464448392391205,-0.39418384432792664,-0.3345594108104706,0.0,0.0,0.0,0.0,0.0,0.0,0.0,0.0,0.0,0.0,0,0,0,0
0.0,0.0,0.0,0.0,0.0,0.0,0.0,0.0,0.0,-0.0,0.0,-0.0,0.0,0.0,-0.7584472298622131,0.08451294898986816,-0.0,0.0,0.14193834364414215,-0.3868090808391571,-0.32830020785331726,0.0,0.0,0.0,0.0,0.0,0.0,0.0,0.0,0.0,0.0,0,0,0,0
0.0,0.0,0.0,0.0,0.0,0.0,0.0,0.0,0.0,-0.0,0.0,-0.0,0.0,0.0,-0.7466988563537598,0.08320383727550507,-0.0,0.0,0.13973970711231232,-0.38081738352775574,-0.3232147991657257,0.0,0.0,0.0,0.0,0.0,0.0,0.0,0.0,0.0,0.0,0,0,0,0
0.0,0.0,0.0,0.0,0.0,0.0,0.0,0.0,0.0,-0.0,0.0,-0.0,0.0,0.0,-0.736029326915741,0.08201494067907333,-0.0,0.0,0.13774296641349792,-0.3753759264945984,-0.31859642267227173,0.0,0.0,0.0,0.0,0.0,0.0,0.0,0.0,0.0,0.0,0,0,0,0
0.0,0.0,0.0,0.0,0.0,0.0,0.0,0.0,0.0,-0.0,0.0,-0.0,0.0,0.0,-0.7244033813476562,0.0807194709777832,-0.0,0.0,0.13556726276874542,-0.369446724653244,-0.3135640323162079,0.0,0.0,0.0,0.0,0.0,0.0,0.0,0.0,0.0,0.0,0,0,0,0
0.0,0.0,0.0,0.0,0.0,0.0,0.0,0.0,0.0,-0.0,0.0,-0.0,0.0,0.0,-0.7095280885696411,0.07906194031238556,-0.0,0.0,0.132783442735672,-0.36186033487319946,-0.30712518095970154,0.0,0.0,0.0,0.0,0.0,0.0,0.0,0.0,0.0,0.0,0,0,0,0
0.0,0.0,0.0,0.0,0.0,0.0,0.0,0.0,0.0,-0.0,0.0,-0.0,0.0,0.0,-0.6891458630561829,0.07679077237844467,-0.0,0.0,0.12896905839443207,-0.3514653742313385,-0.298302561044693,0.0,0.0,0.0,0.0,0.0,0.0,0.0,0.0,0.0,0.0,0,0,0,0
0.0,0.0,0.0,0.0,0.0,0.0,0.0,0.0,0.0,-0.0,0.0,-0.0,0.0,0.0,-0.6633538603782654,0.07391681522130966,-0.0,0.0,0.12414229661226273,-0.33831146359443665,-0.28713834285736084,0.0,0.0,0.0,0.0,0.0,0.0,0.0,0.0,0.0,0.0,0,0,0,0
0.0,0.0,0.0,0.0,0.0,0.0,0.0,0.0,0.0,-0.0,0.0,-0.0,0.0,0.0,-0.635904848575592,0.07085820287466049,-0.0,0.0,0.11900540441274643,-0.3243124783039093,-0.27525684237480164,0.0,0.0,0.0,0.0,0.0,0.0,0.0,0.0,0.0,0.0,0,0,0,0
0.0,0.0,0.0,0.0,0.0,0.0,0.0,0.0,0.0,-0.0,0.0,-0.0,0.0,0.0,-0.6108633279800415,0.06806784868240356,-0.0,0.0,0.11431905627250671,-0.31154125928878784,-0.2644173800945282,0.0,0.0,0.0,0.0,0.0,0.0,0.0,0.0,0.0,0.0,0,0,0,0
0.0,0.0,0.0,0.0,0.0,0.0,0.0,0.0,0.0,-0.0,0.0,-0.0,0.0,0.0,-0.5913195013999939,0.06589009612798691,-0.0,0.0,0.11066155135631561,-0.30157387256622314,-0.25595763325691223,0.0,0.0,0.0,0.0,0.0,0.0,0.0,0.0,0.0,0.0,0,0,0,0
0.0,0.0,0.0,0.0,0.0,0.0,0.0,0.0,0.0,-0.0,0.0,-0.0,0.0,0.0,-0.5764589905738831,0.06423420459032059,-0.0,0.0,0.10788050293922424,-0.2939949929714203,-0.24952514469623566,0.0,0.0,0.0,0.0,0.0,0.0,0.0,0.0,0.0,0.0,0,0,0,0
0.0,0.0,0.0,0.0,0.0,0.0,0.0,0.0,0.0,-0.0,0.0,-0.0,0.0,0.0,-0.564490556716919,0.06290057301521301,-0.0,0.0,0.10564069449901581,-0.28789108991622925,-0.2443445324897766,0.0,0.0,0.0,0.0,0.0,0.0,0.0,0.0,0.0,0.0,0,0,0,0
0.0,0.0,0.0,0.0,0.0,0.0,0.0,0.0,0.0,-0.0,0.0,-0.0,0.0,0.0,-0.5536049604415894,0.06168760359287262,-0.0,0.0,0.1036035344004631,-0.2823394238948822,-0.23963262140750885,0.0,0.0,0.0,0.0,0.0,0.0,0.0,0.0,0.0,0.0,0,0,0,0
0.0,0.0,0.0,0.0,0.0,0.0,0.0,0.0,0.0,-0.0,0.0,-0.0,0.0,0.0,-0.5417670011520386,0.06036852300167084,-0.0,0.0,0.10138815641403198,-0.27630212903022766,-0.23450851440429688,0.0,0.0,0.0,0.0,0.0,0.0,0.0,0.0,0.0,0.0,0,0,0,0
0.0,0.0,0.0,0.0,0.0,0.0,0.0,0.0,0.0,-0.0,0.0,-0.0,0.0,0.0,-0.5267977714538574,0.05870053544640541,-0.0,0.0,0.09858677536249161,-0.2686678469181061,-0.22802896797657013,0.0,0.0,0.0,0.0,0.0,0.0,0.0,0.0,0.0,0.0,0,0,0,0
0.0,0.0,0.0,0.0,0.0,0.0,0.0,0.0,0.0,-0.0,0.0,-0.0,0.0,0.0,-0.506554365158081,0.056444842368364334,-0.0,0.0,0.09479835629463196,-0.2583436667919159,-0.21926642954349518,0.0,0.0,0.0,0.0,0.0,0.0,0.0,0.0,0.0,0.0,0,0,0,0
0.0,0.0,0.0,0.0,0.0,0.0,0.0,0.0,0.0,-0.0,0.0,-0.0,0.0,0.0,-0.48117607831954956,0.0536169707775116,-0.0,0.0,0.09004896879196167,-0.24540069699287415,-0.2082812488079071,0.0,0.0,0.0,0.0,0.0,0.0,0.0,0.0,0.0,0.0,0,0,0,0
0.0,0.0,0.0,0.0,0.0,0.0,0.0,0.0,0.0,-0.0,0.0,-0.0,0.0,0.0,-0.45434558391571045,0.05062728002667427,-0.0,0.0,0.08502780646085739,-0.2317170649766922,-0.19666741788387299,0.0,0.0,0.0,0.0,0.0,0.0,0.0,0.0,0.0,0.0,0,0,0,0
0.0,0.0,0.0,0.0,0.0,0.0,0.0,0.0,0.0,-0.0,0.0,-0.0,0.0,0.0,-0.4300476312637329,0.047919780015945435,-0.0,0.0,0.08048060536384583,-0.21932503581047058,-0.18614983558654785,0.0,0.0,0.0,0.0,0.0,0.0,0.0,0.0,0.0,0.0,0,0,0,0
0.0,0.0,0.0,0.0,0.0,0.0,0.0,0.0,0.0,-0.0,0.0,-0.0,0.0,0.0,-0.4112977683544159,0.04583049938082695,-0.0,0.0,0.07697170227766037,-0.2097625732421875,-0.17803379893302917,0.0,0.0,0.0,0.0,0.0,0.0,0.0,0.0,0.0,0.0,0,0,0,0
0.0,0.0,0.0,0.0,0.0,0.0,0.0,0.0,0.0,-0.0,0.0,-0.0,0.0,0.0,-0.3972276747226715,0.04426267743110657,-0.0,0.0,0.07433857768774033,-0.2025867998600006,-0.17194339632987976,0.0,0.0,0.0,0.0,0.0,0.0,0.0,0.0,0.0,0.0,0,0,0,0
0.0,0.0,0.0,0.0,0.0,0.0,0.0,0.0,0.0,-0.0,0.0,-0.0,0.0,0.0,-0.38599711656570435,0.04301125928759575,-0.0,0.0,0.07223685085773468,-0.1968591958284378,-0.16708216071128845,0.0,0.0,0.0,0.0,0.0,0.0,0.0,0.0,0.0,0.0,0,0,0,0
0.0,0.0,0.0,0.0,0.0,0.0,0.0,0.0,0.0,-0.0,0.0,-0.0,0.0,0.0,-0.37576496601104736,0.0418710894882679,-0.0,0.0,0.0703219622373581,-0.19164077937602997,-0.16265305876731873,0.0,0.0,0.0,0.0,0.0,0.0,0.0,0.0,0.0,0.0,0,0,0,0
0.0,0.0,0.0,0.0,0.0,0.0,0.0,0.0,0.0,-0.0,0.0,-0.0,0.0,0.0,-0.3646627962589264,0.040633976459503174,-0.0,0.0,0.06824425607919693,-0.18597863614559174,-0.15784738957881927,0.0,0.0,0.0,0.0,0.0,0.0,0.0,0.0,0.0,0.0,0,0,0,0
0.0,0.0,0.0,0.0,0.0,0.0,0.0,0.0,0.0,-0.0,0.0,-0.0,0.0,0.0,-0.3508063852787018,0.03908996284008026,-0.0,0.0,0.06565111130475998,-0.17891183495521545,-0.15184949338436127,0.0,0.0,0.0,0.0,0.0,0.0,0.0,0.0,0.0,0.0,0,0,0,0
0.0,0.0,0.0,0.0,0.0,0.0,0.0,0.0,0.0,-0.0,0.0,-0.0,0.0,0.0,-0.33234524726867676,0.03703286126255989,-0.0,0.0,0.06219622492790222,-0.16949662566184998,-0.14385846257209778,0.0,0.0,0.0,0.0,0.0,0.0,0.0,0.0,0.0,0.0,0,0,0,0
0.0,0.0,0.0,0.0,0.0,0.0,0.0,0.0,0.0,-0.0,0.0,-0.0,0.0,0.0,-0.30945220589637756,0.034481924027204514,-0.0,0.0,0.0579119473695755,-0.15782111883163452,-0.13394904136657715,0.0,0.0,0.0,0.0,0.0,0.0,0.0,0.0,0.0,0.0,0,0,0,0
0.0,0.0,0.0,0.0,0.0,0.0,0.0,0.0,0.0,-0.0,0.0,-0.0,0.0,0.0,-0.2854408919811249,0.03180638328194618,-0.0,0.0,0.05341840535402298,-0.14557531476020813,-0.12355554848909378,0.0,0.0,0.0,0.0,0.0,0.0,0.0,0.0,0.0,0.0,0,0,0,0
0.0,0.0,0.0,0.0,0.0,0.0,0.0,0.0,0.0,-0.0,0.0,-0.0,0.0,0.0,-0.26389288902282715,0.029405325651168823,-0.0,0.0,0.04938584566116333,-0.13458582758903503,-0.11422833800315857,0.0,0.0,0.0,0.0,0.0,0.0,0.0,0.0,0.0,0.0,0,0,0,0
0.0,0.0,0.0,0.0,0.0,0.0,0.0,0.0,0.0,-0.0,0.0,-0.0,0.0,0.0,-0.24750322103500366,0.02757904678583145,-0.0,0.0,0.04631862789392471,-0.12622708082199097,-0.10713393241167068,0.0,0.0,0.0,0.0,0.0,0.0,0.0,0.0,0.0,0.0,0,0,0,0
0.0,0.0,0.0,0.0,0.0,0.0,0.0,0.0,0.0,-0.0,0.0,-0.0,0.0,0.0,-0.23541414737701416,0.026231974363327026,-0.0,0.0,0.044056236743927,-0.12006162852048874,-0.10190105438232422,0.0,0.0,0.0,0.0,0.0,0.0,0.0,0.0,0.0,0.0,0,0,0,0
0.0,0.0,0.0,0.0,0.0,0.0,0.0,0.0,0.0,-0.0,0.0,-0.0,0.0,0.0,-0.22587910294532776,0.0251694954931736,-0.0,0.0,0.04227181151509285,-0.11519875377416611,-0.0977737158536911,0.0,0.0,0.0,0.0,0.0,0.0,0.0,0.0,0.0,0.0,0,0,0,0
0.0,0.0,0.0,0.0,0.0,0.0,0.0,0.0,0.0,-0.0,0.0,-0.0,0.0,0.0,-0.21716934442520142,0.0241989828646183,-0.0,0.0,0.04064184054732323,-0.11075679212808609,-0.09400363266468048,0.0,0.0,0.0,0.0,0.0,0.0,0.0,0.0,0.0,0.0,0,0,0,0
0.0,0.0,0.0,0.0,0.0,0.0,0.0,0.0,0.0,-0.0,0.0,-0.0,0.0,0.0,-0.20775005221366882,0.023149415850639343,-0.0,0.0,0.038879092782735825,-0.10595298558473587,-0.08992644399404526,0.0,0.0,0.0,0.0,0.0,0.0,0.0,0.0,0.0,0.0,0,0,0,0
0.0,0.0,0.0,0.0,0.0,0.0,0.0,0.0,0.0,-0.0,0.0,-0.0,0.0,0.0,-0.19621306657791138,0.021863868460059166,-0.0,0.0,0.03672002628445625,-0.10006912052631378,-0.08493258059024811,0.0,0.0,0.0,0.0,0.0,0.0,0.0,0.0,0.0,0.0,0,0,0,0
0.0,0.0,0.0,0.0,0.0,0.0,0.0,0.0,0.0,-0.0,0.0,-0.0,0.0,0.0,-0.18117882311344147,0.02018861472606659,-0.0,0.0,0.033906470984220505,-0.09240163117647171,-0.0784248635172844,0.0,0.0,0.0,0.0,0.0,0.0,0.0,0.0,0.0,0.0,0,0,0,0
0.0,0.0,0.0,0.0,0.0,0.0,0.0,0.0,0.0,-0.0,0.0,-0.0,0.0,0.0,-0.16284418106079102,0.01814558357000351,-0.0,0.0,0.030475258827209473,-0.08305089920759201,-0.07048853486776352,0.0,0.0,0.0,0.0,0.0,0.0,0.0,0.0,0.0,0.0,0,0,0,0
0.0,0.0,0.0,0.0,0.0,0.0,0.0,0.0,0.0,-0.0,0.0,-0.0,0.0,0.0,-0.14385338127613068,0.016029439866542816,-0.0,0.0,0.02692125365138054,-0.07336552441120148,-0.062268178910017014,0.0,0.0,0.0,0.0,0.0,0.0,0.0,0.0,0.0,0.0,0,0,0,0
0.0,0.0,0.0,0.0,0.0,0.0,0.0,0.0,0.0,-0.0,0.0,-0.0,0.0,0.0,-0.1270594596862793,0.014158099889755249,-0.0,0.0,0.02377837896347046,-0.06480056047439575,-0.05499875545501709,0.0,0.0,0.0,0.0,0.0,0.0,0.0,0.0,0.0,0.0,0,0,0,0
0.0,0.0,0.0,0.0,0.0,0.0,0.0,0.0,0.0,-0.0,0.0,-0.0,0.0,0.0,-0.11459041386842728,0.012768691405653954,-0.0,0.0,0.021444883197546005,-0.05844132602214813,-0.049601417034864426,0.0,0.0,0.0,0.0,0.0,0.0,0.0,0.0,0.0,0.0,0,0,0,0
0.0,0.0,0.0,0.0,0.0,0.0,0.0,0.0,0.0,-0.0,0.0,-0.0,0.0,0.0,-0.10566934198141098,0.01177463959902525,-0.0,0.0,0.01977536268532276,-0.05389157682657242,-0.04573985934257507,0.0,0.0,0.0,0.0,0.0,0.0,0.0,0.0,0.0,0.0,0,0,0,0
0.0,0.0,0.0,0.0,0.0,0.0,0.0,0.0,0.0,-0.0,0.0,-0.0,0.0,0.0,-0.09879264235496521,0.011008390225470066,-0.0,0.0,0.018488429486751556,-0.05038445070385933,-0.04276322200894356,0.0,0.0,0.0,0.0,0.0,0.0,0.0,0.0,0.0,0.0,0,0,0,0
0.0,0.0,0.0,0.0,0.0,0.0,0.0,0.0,0.0,-0.0,0.0,-0.0,0.0,0.0,-0.09249361604452133,0.010306501761078835,-0.0,0.0,0.017309589311480522,-0.04717189818620682,-0.04003661498427391,0.0,0.0,0.0,0.0,0.0,0.0,0.0,0.0,0.0,0.0,0,0,0,0
0.0,0.0,0.0,0.0,0.0,0.0,0.0,0.0,0.0,-0.0,0.0,-0.0,0.0,0.0,-0.08572448045015335,0.00955222174525261,-0.0,0.0,0.016042763367295265,-0.0437195710837841,-0.037106506526470184,0.0,0.0,0.0,0.0,0.0,0.0,0.0,0.0,0.0,0.0,0,0,0,0
0.0,0.0,0.0,0.0,0.0,0.0,0.0,0.0,0.0,-0.0,0.0,-0.0,0.0,0.0,-0.07770886272192001,0.008659043349325657,-0.0,0.0,0.014542673714458942,-0.039631545543670654,-0.03363686054944992,0.0,0.0,0.0,0.0,0.0,0.0,0.0,0.0,0.0,0.0,0,0,0,0
0.0,0.0,0.0,0.0,0.0,0.0,0.0,0.0,0.0,-0.0,0.0,-0.0,0.0,0.0,-0.06769153475761414,0.007542815525084734,-0.0,0.0,0.012667995877563953,-0.03452267497777939,-0.029300786554813385,0.0,0.0,0.0,0.0,0.0,0.0,0.0,0.0,0.0,0.0,0,0,0,0
0.0,0.0,0.0,0.0,0.0,0.0,0.0,0.0,0.0,-0.0,0.0,-0.0,0.0,0.0,-0.055904287844896317,0.00622937036678195,-0.0,0.0,0.010462111793458462,-0.02851119078695774,-0.0241986233741045,0.0,0.0,0.0,0.0,0.0,0.0,0.0,0.0,0.0,0.0,0,0,0,0
0.0,0.0,0.0,0.0,0.0,0.0,0.0,0.0,0.0,-0.0,0.0,-0.0,0.0,0.0,-0.04411151632666588,0.004915312863886356,-0.0,0.0,0.00825520046055317,-0.022496908903121948,-0.0190940722823143,0.0,0.0,0.0,0.0,0.0,0.0,0.0,0.0,0.0,0.0,0,0,0,0
0.0,0.0,0.0,0.0,0.0,0.0,0.0,0.0,0.0,-0.0,0.0,-0.0,0.0,0.0,-0.03420829772949219,0.0038118064403533936,-0.0,0.0,0.0064018964767456055,-0.017446279525756836,-0.014807403087615967,0.0,0.0,0.0,0.0,0.0,0.0,0.0,0.0,0.0,0.0,0,0,0,0
0.0,0.0,0.0,0.0,0.0,0.0,0.0,0.0,0.0,-0.0,0.0,-0.0,0.0,0.0,-0.027529466897249222,0.003067590296268463,-0.0,0.0,0.0051519921980798244,-0.014040054753422737,-0.011916383169591427,0.0,0.0,0.0,0.0,0.0,0.0,0.0,0.0,0.0,0.0,0,0,0,0
0.0,0.0,0.0,0.0,0.0,0.0,0.0,0.0,0.0,-0.0,0.0,-0.0,0.0,0.0,-0.023165671154856682,0.002581336535513401,-0.0,0.0,0.00433531915768981,-0.0118144815787673,-0.010027417913079262,0.0,0.0,0.0,0.0,0.0,0.0,0.0,0.0,0.0,0.0,0,0,0,0
0.0,0.0,0.0,0.0,0.0,0.0,0.0,0.0,0.0,-0.0,0.0,-0.0,0.0,0.0,-0.01964632421731949,0.002189181512221694,-0.0,0.0,0.0036766808480024338,-0.010019592940807343,-0.0085039883852005,0.0,0.0,0.0,0.0,0.0,0.0,0.0,0.0,0.0,0.0,0,0,0,0
0.0,0.0,0.0,0.0,0.0,0.0,0.0,0.0,0.0,-0.0,0.0,-0.0,0.0,0.0,-0.01564139313995838,0.0017429214203730226,-0.0,0.0,0.0029271827079355717,-0.007977096363902092,-0.006770413368940353,0.0,0.0,0.0,0.0,0.0,0.0,0.0,0.0,0.0,0.0,0,0,0,0
0.0,0.0,0.0,0.0,0.0,0.0,0.0,0.0,0.0,-0.0,0.0,-0.0,0.0,0.0,-0.011449560523033142,0.0012758374214172363,-0.0,0.0,0.0021427208557724953,-0.005839313380420208,-0.004955972544848919,0.0,0.0,0.0,0.0,0.0,0.0,0.0,0.0,0.0,0.0,0,0,0,0
0.0,0.0,0.0,0.0,0.0,0.0,0.0,0.0,0.0,-0.0,0.0,-0.0,0.0,0.0,-0.008421001955866814,0.0009383739670738578,-0.0,0.0,0.0015759586822241545,-0.004294794984161854,-0.0036450691986829042,0.0,0.0,0.0,0.0,0.0,0.0,0.0,0.0,0.0,0.0,0,0,0,0
0.0,0.0,0.0,0.0,0.0,0.0,0.0,0.0,0.0,-0.0,0.0,-0.0,0.0,0.0,-0.007723569869995117,0.0008606612682342529,-0.0,0.0,0.0014454424381256104,-0.003939117304980755,-0.0033431893680244684,0.0,0.0,0.0,0.0,0.0,0.0,0.0,0.0,0.0,0.0,0,0,0,0
0.0,0.0,0.0,0.0,0.0,0.0,0.0,0.0,0.0,-0.0,0.0,-0.0,0.0,0.0,-0.007723569869995117,0.0008606612682342529,-0.0,0.0,0.0014454424381256104,-0.003939117304980755,-0.0033431893680244684,0.0,0.0,0.0,0.0,0.0,0.0,0.0,0.0,0.0,0.0,0,0,0,0
0.0,0.0,0.0,0.0,0.0,0.0,0.0,0.0,0.0,-0.0,0.0,-0.0,0.0,0.0,-0.007723569869995117,0.0008606612682342529,-0.0,0.0,0.0014454424381256104,-0.003939117304980755,-0.0033431893680244684,0.0,0.0,0.0,0.0,0.0,0.0,0.0,0.0,0.0,0.0,0,0,0,0
