0.0,0.0,0.0,0.0,0.0,0.0,0.0,0.0,0.0,-0.0,0.0,-0.7766715288162231,0.0,0.0,0.0,0.0,-0.0,0.0,-0.0,0.0,0.0,0.5235987901687622,0.8726644515991211,0.8726646900177002,0.8726646900177002,0.8726646900177002,0.5235987901687622,0.8726646900177002,0.8726646900177002,0.8726646900177002,0.8726646900177002,0,0,0,0
0.0,0.0,3.6543424357660115e-05,0.0,0.0,0.0,0.0,0.0,0.0,-0.0,0.0,-0.7766715288162231,0.0,0.0,-7.714737148489803e-05,-6.59867419017246e-06,6.497154117823811e-06,-4.639374674297869e-05,-0.00010314233804820105,4.0302660636371e-05,-3.207970075891353e-05,0.5235987901687622,0.8726644515991211,0.8726646900177002,0.8726646900177002,0.8726646900177002,0.5236597061157227,0.8727154731750488,0.8727154731750488,0.8727154731750488,0.8727154731750488,0,0,0,0
0.0,0.0,0.00014574250963050872,0.0,0.0,0.0,0.0,0.0,0.0,-0.0,0.0,-0.7766715288162231,0.0,0.0,-0.0003076791763305664,-2.6316836738260463e-05,2.5911955162882805e-05,-0.00018502755847293884,-0.000411352317314595,0.00016073508595582098,-0.00012794027861673385,0.5235987901687622,0.8726645112037659,0.8726646900177002,0.8726646900177002,0.8726646900177002,0.5238416790962219,0.8728672862052917,0.8728672862052917,0.8728672862052917,0.8728672862052917,0,0,0,0
0.0,0.0,0.000326950364978984,0.0,0.0,0.0,0.0,0.0,0.0,-0.0,0.0,-0.7766715288162231,0.0,0.0,-0.0006902298191562295,-5.903768033022061e-05,5.812938979943283e-05,-0.000415080226957798,-0.0009228041744790971,0.0003605838574003428,-0.0002870138850994408,0.5235987901687622,0.8726645708084106,0.8726646900177002,0.8726646900177002,0.8726646900177002,0.5241436958312988,0.8731192350387573,0.8731192350387573,0.8731192350387573,0.8731192350387573,0,0,0,0
0.0,0.0,0.0005795204779133201,0.0,0.0,0.0,0.0,0.0,0.0,-0.0,0.0,-0.7766715288162231,0.0,0.0,-0.0012234343448653817,-0.00010464445949764922,0.00010303451563231647,-0.0007357309223152697,-0.001635673106648028,0.0006391359493136406,-0.0005087329773232341,0.5235987901687622,0.8726646304130554,0.8726646900177002,0.8726646900177002,0.8726646900177002,0.5245645642280579,0.8734703660011292,0.8734703660011292,0.8734703660011292,0.8734703660011292,0,0,0,0
0.0,0.0,0.0009028057102113962,0.0,0.0,0.0,0.0,0.0,0.0,-0.0,0.0,-0.7766715288162231,0.0,0.0,-0.0019059267360717058,-0.00016302033327519894,0.00016051226702984422,-0.001146158087067306,-0.0025481327902525663,0.000995677663013339,-0.000792529433965683,0.5235987901687622,0.872664749622345,0.8726646900177002,0.8726646900177002,0.8726646900177002,0.5251033306121826,0.8739198446273804,0.8739198446273804,0.8739198446273804,0.8739198446273804,0,0,0,0
0.0,0.0,0.0012961592292413116,0.0,0.0,0.0,0.0,0.0,0.0,-0.0,0.0,-0.7766715288162231,0.0,0.0,-0.002736341208219528,-0.00023404847888741642,0.0002304476802237332,-0.0016455405857414007,-0.0036583570763468742,0.0014294956345111132,-0.0011378354392945766,0.5235987901687622,0.8726648688316345,0.8726646900177002,0.8726646900177002,0.8726646900177002,0.5257588624954224,0.8744666576385498,0.8744666576385498,0.8744666576385498,0.8744666576385498,0,0,0,0
0.0,0.0,0.0017589348135516047,0.0,0.0,0.0,0.0,0.0,0.0,-0.0,0.0,-0.7766715288162231,0.0,0.0,-0.003713313490152359,-0.0003176121972501278,0.0003127257514279336,-0.0022330577485263348,-0.004964522086083889,0.0019398769363760948,-0.0015440835850313306,0.5235987901687622,0.8726650476455688,0.8726646900177002,0.8726646900177002,0.8726646900177002,0.5265300273895264,0.8751100897789001,0.8751100897789001,0.8751100897789001,0.8751100897789001,0,0,0,0
0.0,0.0,0.0022904856596142054,0.0,0.0,0.0,0.0,0.0,0.0,-0.0,0.0,-0.7766715288162231,0.0,0.0,-0.004835478495806456,-0.0004135947674512863,0.00040723165147937834,-0.0029078887309879065,-0.006464803125709295,0.0025261088740080595,-0.002010706579312682,0.5235987901687622,0.8726652264595032,0.8726646900177002,0.8726646900177002,0.8726646900177002,0.5274158716201782,0.8758490681648254,0.8758490681648254,0.8758490681648254,0.8758490681648254,0,0,0,0
0.0,0.0,0.002890164265409112,0.0,0.0,0.0,0.0,0.0,0.0,-0.0,0.0,-0.7766715288162231,0.0,0.0,-0.006101468577980995,-0.0005218791193328798,0.0005138500710017979,-0.003669211408123374,-0.008157370612025261,0.0031874761916697025,-0.002537135034799576,0.5235987901687622,0.8726654052734375,0.8726646900177002,0.8726646900177002,0.8726646900177002,0.5284152626991272,0.8766827583312988,0.8766827583312988,0.8766827583312988,0.8766827583312988,0,0,0,0
0.0,0.0,0.003557323943823576,0.0,0.0,0.0,0.0,0.0,0.0,-0.0,0.0,-0.7766715288162231,0.0,0.0,-0.007509920280426741,-0.0006423487793654203,0.0006324662826955318,-0.004516205284744501,-0.010040403343737125,0.003923267126083374,-0.0031228025909513235,0.5235987901687622,0.8726655840873718,0.8726646900177002,0.8726646900177002,0.8726646900177002,0.5295270681381226,0.8776102662086487,0.8776102662086487,0.8776102662086487,0.8776102662086487,0,0,0,0
0.0,0.0,0.004291318356990814,0.0,0.0,0.0,0.0,0.0,0.0,-0.0,0.0,-0.7766715288162231,0.0,0.0,-0.009059466421604156,-0.0007748866337351501,0.0007629650644958019,-0.005448048003017902,-0.012112070806324482,0.0047327675856649876,-0.003767140209674835,0.5235987901687622,0.8726658225059509,0.8726646900177002,0.8726646900177002,0.8726646900177002,0.5307502746582031,0.8786306977272034,0.8786306977272034,0.8786306977272034,0.8786306977272034,0,0,0,0
0.0,0.0,0.005091500002890825,0.0,0.0,0.0,0.0,0.0,0.0,-0.0,0.0,-0.7766715288162231,0.0,0.0,-0.010748742148280144,-0.0009193760924972594,0.0009052315726876259,-0.00646392023190856,-0.014370552264153957,0.005615264177322388,-0.004469581414014101,0.5235987901687622,0.8726661205291748,0.8726646900177002,0.8726646900177002,0.8726646900177002,0.5320838093757629,0.8797431588172913,0.8797431588172913,0.8797431588172913,0.8797431588172913,0,0,0,0
0.0,0.0,0.005957223940640688,0.0,0.0,0.0,0.0,0.0,0.0,-0.0,0.0,-0.7766715288162231,0.0,0.0,-0.012576384469866753,-0.0010757006239145994,0.0010591509053483605,-0.00756300101056695,-0.01681402325630188,0.0065700458362698555,-0.005229558330029249,0.5235987901687622,0.8726664185523987,0.8726646900177002,0.8726646900177002,0.8726646900177002,0.5335264801979065,0.8809467554092407,0.8809467554092407,0.8809467554092407,0.8809467554092407,0,0,0,0
0.0,0.0,0.006887840572744608,0.0,0.0,0.0,0.0,0.0,0.0,-0.0,0.0,-0.7766715288162231,0.0,0.0,-0.014541023410856724,-0.001243742648512125,0.0012246078113093972,-0.008744467049837112,-0.019440650939941406,0.00759639497846365,-0.006046501453965902,0.5235987901687622,0.8726666569709778,0.8726646900177002,0.8726646900177002,0.8726646900177002,0.5350773930549622,0.8822405338287354,0.8822405338287354,0.8822405338287354,0.8822405338287354,0,0,0,0
0.0,0.0,0.007882704958319664,0.0,0.0,0.0,0.0,0.0,0.0,-0.0,0.0,-0.7766715288162231,0.0,0.0,-0.016641296446323395,-0.0014233861584216356,0.0014014875050634146,-0.010007497854530811,-0.022248616442084312,0.008693601936101913,-0.0069198450073599815,0.5235987901687622,0.8726670145988464,0.8726646900177002,0.8726646900177002,0.8726646900177002,0.5367353558540344,0.8836236000061035,0.8836236000061035,0.8836236000061035,0.8836236000061035,0,0,0,0
0.0,0.0,0.008941173553466797,0.0,0.0,0.0,0.0,0.0,0.0,-0.0,0.0,-0.7766715288162231,0.0,0.0,-0.0188758447766304,-0.0016145145054906607,0.001589675433933735,-0.011351277120411396,-0.0252360999584198,0.00986095517873764,-0.00784902274608612,0.5235987901687622,0.8726673722267151,0.8726646900177002,0.8726646900177002,0.8726646900177002,0.5384992957115173,0.8850951790809631,0.8850951790809631,0.8850951790809631,0.8850951790809631,0,0,0,0
0.0,0.0,0.01006259024143219,0.0,0.0,0.0,0.0,0.0,0.0,-0.0,0.0,-0.7766715288162231,0.0,0.0,-0.02124328538775444,-0.0018170097609981894,0.0017890551825985312,-0.012774973176419735,-0.02840125374495983,0.011097732000052929,-0.008833460509777069,0.5235987901687622,0.8726677298545837,0.8726646900177002,0.8726646900177002,0.8726646900177002,0.5403680801391602,0.8866541981697083,0.8866541981697083,0.8866541981697083,0.8866541981697083,0,0,0,0
0.0,0.0,0.01124631892889738,0.0,0.0,0.0,0.0,0.0,0.0,-0.0,0.0,-0.7766715288162231,0.0,0.0,-0.023742271587252617,-0.002030756324529648,0.0019995132461190224,-0.014277776703238487,-0.03174227848649025,0.012403231114149094,-0.009872598573565483,0.5235987901687622,0.8726681470870972,0.8726646900177002,0.8726646900177002,0.8726646900177002,0.5423408150672913,0.8882998824119568,0.8882998824119568,0.8882998824119568,0.8882998824119568,0,0,0,0
0.0,0.0,0.012491703033447266,0.0,0.0,0.0,0.0,0.0,0.0,-0.0,0.0,-0.7766715288162231,0.0,0.0,-0.02637142315506935,-0.0022556365001946688,0.0022209337912499905,-0.015858856961131096,-0.03525732830166817,0.013776728883385658,-0.01096586138010025,0.5235987901687622,0.8726685047149658,0.8726646900177002,0.8726646900177002,0.8726646900177002,0.5444162487983704,0.8900312781333923,0.8900312781333923,0.8900312781333923,0.8900312781333923,0,0,0,0
0.0,0.0,0.013798105530440807,0.0,0.0,0.0,0.0,0.0,0.0,-0.0,0.0,-0.7766715288162231,0.0,0.0,-0.0291293878108263,-0.002491534687578678,0.0024532023817300797,-0.01751740276813507,-0.03894459456205368,0.015217521227896214,-0.012112688273191452,0.5235987901687622,0.8726689219474792,0.8726646900177002,0.8726646900177002,0.8726646900177002,0.5465933680534363,0.8918474912643433,0.8918474912643433,0.8918474912643433,0.8918474912643433,0,0,0,0
0.0,0.0,0.015164872631430626,0.0,0.0,0.0,0.0,0.0,0.0,-0.0,0.0,-0.7766715288162231,0.0,0.0,-0.03201478719711304,-0.0027383328415453434,0.0026962035335600376,-0.019252581521868706,-0.04280223697423935,0.01672488823533058,-0.0133125064894557,0.5235987901687622,0.8726693987846375,0.8726646900177002,0.8726646900177002,0.8726646900177002,0.5488710999488831,0.8937476873397827,0.8937476873397827,0.8937476873397827,0.8937476873397827,0,0,0,0
0.0,0.0,0.016591358929872513,0.0,0.0,0.0,0.0,0.0,0.0,-0.0,0.0,-0.7766715288162231,0.0,0.0,-0.03502626344561577,-0.002995914313942194,0.0029498222284018993,-0.021063577383756638,-0.046828433871269226,0.018298115581274033,-0.014564748853445053,0.5235987901687622,0.8726698756217957,0.8726646900177002,0.8726646900177002,0.8726646900177002,0.5512483716011047,0.8957308530807495,0.8957308530807495,0.8957308530807495,0.8957308530807495,0,0,0,0
0.0,0.0,0.01807692088186741,0.0,0.0,0.0,0.0,0.0,0.0,-0.0,0.0,-0.7766715288162231,0.0,0.0,-0.03816245496273041,-0.0032641631551086903,0.0032139443792402744,-0.022949574515223503,-0.05102137476205826,0.019936498254537582,-0.01586885191500187,0.5235987901687622,0.8726703524589539,0.8726646900177002,0.8726646900177002,0.8726646900177002,0.5537239909172058,0.8977961540222168,0.8977961540222168,0.8977961540222168,0.8977961540222168,0,0,0,0
0.0,0.0,0.019620902836322784,0.0,0.0,0.0,0.0,0.0,0.0,-0.0,0.0,-0.7766715288162231,0.0,0.0,-0.041421979665756226,-0.0035429615527391434,0.0034884533379226923,-0.024909740313887596,-0.05537920072674751,0.02163931168615818,-0.01722424104809761,0.5235987901687622,0.8726708292961121,0.8726646900177002,0.8726646900177002,0.8726646900177002,0.5562970638275146,0.8999426960945129,0.8999426960945129,0.8999426960945129,0.8999426960945129,0,0,0,0
0.0,0.0,0.0212226714938879,0.0,0.0,0.0,0.0,0.0,0.0,-0.0,0.0,-0.7766715288162231,0.0,0.0,-0.044803500175476074,-0.003832194022834301,0.0037732364144176245,-0.02694327011704445,-0.059900134801864624,0.023405857384204865,-0.01863035559654236,0.5235987901687622,0.872671365737915,0.8726646900177002,0.8726646900177002,0.8726646900177002,0.5589664578437805,0.9021695852279663,0.9021695852279663,0.9021695852279663,0.9021695852279663,0,0,0,0
0.0,0.0,0.02288156934082508,0.0,0.0,0.0,0.0,0.0,0.0,-0.0,0.0,-0.7766715288162231,0.0,0.0,-0.04830562323331833,-0.004131742753088474,0.004068176262080669,-0.029049323871731758,-0.06458230316638947,0.025235405191779137,-0.02008662186563015,0.5235987901687622,0.872671902179718,0.8726646900177002,0.8726646900177002,0.8726646900177002,0.5617310404777527,0.9044758081436157,0.9044758081436157,0.9044758081436157,0.9044758081436157,0,0,0,0
0.0,0.0,0.024596955627202988,0.0,0.0,0.0,0.0,0.0,0.0,-0.0,0.0,-0.7766715288162231,0.0,0.0,-0.051927000284194946,-0.004441491328179836,0.004373159259557724,-0.031227095052599907,-0.06942391395568848,0.027127252891659737,-0.021592475473880768,0.5235987901687622,0.872672438621521,0.8726646900177002,0.8726646900177002,0.8726646900177002,0.5645896792411804,0.9068606495857239,0.9068606495857239,0.9068606495857239,0.9068606495857239,0,0,0,0
0.0,0.0,0.026368174701929092,0.0,0.0,0.0,0.0,0.0,0.0,-0.0,0.0,-0.7766715288162231,0.0,0.0,-0.0556662492454052,-0.004761321470141411,0.004688069224357605,-0.03347574919462204,-0.07442310452461243,0.029080677777528763,-0.02314734272658825,0.5235987901687622,0.8726730346679688,0.8726646900177002,0.8726646900177002,0.8726646900177002,0.5675414800643921,0.9093230962753296,0.9093230962753296,0.9093230962753296,0.9093230962753296,0,0,0,0
0.0,0.0,0.028194595128297806,0.0,0.0,0.0,0.0,0.0,0.0,-0.0,0.0,-0.7766715288162231,0.0,0.0,-0.05952202528715134,-0.005091119557619095,0.005012793466448784,-0.03579448163509369,-0.07957810163497925,0.031094983220100403,-0.024750668555498123,0.5235987901687622,0.8726736307144165,0.8726646900177002,0.8726646900177002,0.8726646900177002,0.5705851912498474,0.911862313747406,0.911862313747406,0.911862313747406,0.911862313747406,0,0,0,0
0.0,0.0,0.030075551941990852,0.0,0.0,0.0,0.0,0.0,0.0,-0.0,0.0,-0.7766715288162231,0.0,0.0,-0.06349294632673264,-0.00543076591566205,0.005347214173525572,-0.03818245604634285,-0.08488702774047852,0.03316943719983101,-0.02640186995267868,0.5235987901687622,0.8726742267608643,0.8726646900177002,0.8726646900177002,0.8726646900177002,0.5737197995185852,0.9144772887229919,0.9144772887229919,0.9144772887229919,0.9144772887229919,0,0,0,0
0.0,0.0,0.03201041743159294,0.0,0.0,0.0,0.0,0.0,0.0,-0.0,0.0,-0.7766715288162231,0.0,0.0,-0.06757767498493195,-0.005780145525932312,0.00569121865555644,-0.040638864040374756,-0.09034810215234756,0.03530333563685417,-0.02810039184987545,0.5235987901687622,0.872674822807312,0.8726646900177002,0.8726646900177002,0.8726646900177002,0.5769442915916443,0.9171671867370605,0.9171671867370605,0.9171671867370605,0.9171671867370605,0,0,0,0
0.0,0.0,0.033998534083366394,0.0,0.0,0.0,0.0,0.0,0.0,-0.0,0.0,-0.7766715288162231,0.0,0.0,-0.07177481800317764,-0.006139141507446766,0.006044691428542137,-0.04316287860274315,-0.09595949202775955,0.03749597817659378,-0.029845666140317917,0.5235987901687622,0.8726755380630493,0.8726646900177002,0.8726646900177002,0.8726646900177002,0.5802574753761292,0.9199312329292297,0.9199312329292297,0.9199312329292297,0.9199312329292297,0,0,0,0
0.0,0.0,0.036039240658283234,0.0,0.0,0.0,0.0,0.0,0.0,-0.0,0.0,-0.7766715288162231,0.0,0.0,-0.0760829821228981,-0.0065076337195932865,0.006407514214515686,-0.04575366526842117,-0.10171929746866226,0.039746612310409546,-0.031637102365493774,0.5235987901687622,0.8726761937141418,0.8726646900177002,0.8726646900177002,0.8726646900177002,0.5836583375930786,0.9227682948112488,0.9227682948112488,0.9227682948112488,0.9227682948112488,0,0,0,0
0.0,0.0,0.038131918758153915,0.0,0.0,0.0,0.0,0.0,0.0,-0.0,0.0,-0.7766715288162231,0.0,0.0,-0.08050087094306946,-0.00688551040366292,0.00677957758307457,-0.04841042682528496,-0.1076258048415184,0.042054563760757446,-0.033474165946245193,0.5235987901687622,0.8726768493652344,0.8726646900177002,0.8726646900177002,0.8726646900177002,0.5871458053588867,0.9256777167320251,0.9256777167320251,0.9256777167320251,0.9256777167320251,0,0,0,0
0.0,0.0,0.04027591273188591,0.0,0.0,0.0,0.0,0.0,0.0,-0.0,0.0,-0.7766715288162231,0.0,0.0,-0.08502708375453949,-0.007272652350366116,0.007160763721913099,-0.051132332533597946,-0.11367713660001755,0.04441910982131958,-0.035356272011995316,0.5235987901687622,0.8726775646209717,0.8726646900177002,0.8726646900177002,0.8726646900177002,0.5907187461853027,0.9286583662033081,0.9286583662033081,0.9286583662033081,0.9286583662033081,0,0,0,0
0.0,0.0,0.04247057065367699,0.0,0.0,0.0,0.0,0.0,0.0,-0.0,0.0,-0.7766715288162231,0.0,0.0,-0.08966025710105896,-0.007668943144381046,0.0075509571470320225,-0.053918562829494476,-0.11987145245075226,0.046839531511068344,-0.037282854318618774,0.5235987901687622,0.872678279876709,0.8726646900177002,0.8726646900177002,0.8726646900177002,0.5943761467933655,0.9317094683647156,0.9317094683647156,0.9317094683647156,0.9317094683647156,0,0,0,0
0.0,0.0,0.044715236872434616,0.0,0.0,0.0,0.0,0.0,0.0,-0.0,0.0,-0.7766715288162231,0.0,0.0,-0.09439901262521744,-0.008074264973402023,0.007950043305754662,-0.05676828324794769,-0.12620694935321808,0.049315109848976135,-0.03925333917140961,0.5235987901687622,0.8726789951324463,0.8726646900177002,0.8726646900177002,0.8726646900177002,0.598116934299469,0.9348301291465759,0.9348301291465759,0.9348301291465759,0.9348301291465759,0,0,0,0
0.0,0.0,0.04700927436351776,0.0,0.0,0.0,0.0,0.0,0.0,-0.0,0.0,-0.7766715288162231,0.0,0.0,-0.09924198687076569,-0.00848850142210722,0.008357906714081764,-0.05968068167567253,-0.13268178701400757,0.05184513330459595,-0.041267167776823044,0.5235987901687622,0.8726797699928284,0.8726646900177002,0.8726646900177002,0.8726646900177002,0.6019399166107178,0.9380193948745728,0.9380193948745728,0.9380193948745728,0.9380193948745728,0,0,0,0
0.0,0.0,0.049352049827575684,0.0,0.0,0.0,0.0,0.0,0.0,-0.0,0.0,-0.7766715288162231,0.0,0.0,-0.10418783873319626,-0.008911537006497383,0.008774434216320515,-0.06265494972467422,-0.13929414749145508,0.054428908973932266,-0.04332377016544342,0.5235987901687622,0.8726804852485657,0.8726646900177002,0.8726646900177002,0.8726646900177002,0.6058441400527954,0.9412764310836792,0.9412764310836792,0.9412764310836792,0.9412764310836792,0,0,0,0
0.0,0.0,0.05174288898706436,0.0,0.0,0.0,0.0,0.0,0.0,-0.0,0.0,-0.7766715288162231,0.0,0.0,-0.10923518240451813,-0.009343253448605537,0.009199507534503937,-0.06569024175405502,-0.14604221284389496,0.0570656917989254,-0.045422572642564774,0.5235987901687622,0.8726812601089478,0.8726646900177002,0.8726646900177002,0.8726646900177002,0.6098284721374512,0.9446003437042236,0.9446003437042236,0.9446003437042236,0.9446003437042236,0,0,0,0
0.0,0.0,0.054181165993213654,0.0,0.0,0.0,0.0,0.0,0.0,-0.0,0.0,-0.7766715288162231,0.0,0.0,-0.11438267678022385,-0.00978353526443243,0.009633015841245651,-0.06878576427698135,-0.15292415022850037,0.05975480005145073,-0.04756302013993263,0.5235987901687622,0.8726820349693298,0.8726646900177002,0.8726646900177002,0.8726646900177002,0.6138918995857239,0.9479901790618896,0.9479901790618896,0.9479901790618896,0.9479901790618896,0,0,0,0
0.0,0.0,0.05666623264551163,0.0,0.0,0.0,0.0,0.0,0.0,-0.0,0.0,-0.7766715288162231,0.0,0.0,-0.1196289211511612,-0.01023226510733366,0.010074842721223831,-0.07194067537784576,-0.15993814170360565,0.062495507299900055,-0.049744538962841034,0.5235987901687622,0.8726828694343567,0.8726646900177002,0.8726646900177002,0.8726646900177002,0.6180332899093628,0.9514450430870056,0.9514450430870056,0.9514450430870056,0.9514450430870056,0,0,0,0
0.0,0.0,0.059197425842285156,0.0,0.0,0.0,0.0,0.0,0.0,-0.0,0.0,-0.7766715288162231,0.0,0.0,-0.12497256696224213,-0.01068932469934225,0.0105248698964715,-0.07515416294336319,-0.16708233952522278,0.06528708338737488,-0.051966551691293716,0.5235987901687622,0.8726837038993835,0.8726646900177002,0.8726646900177002,0.8726646900177002,0.6222515106201172,0.9549640417098999,0.9549640417098999,0.9549640417098999,0.9549640417098999,0,0,0,0
0.0,0.0,0.0617741122841835,0.0,0.0,0.0,0.0,0.0,0.0,-0.0,0.0,-0.7766715288162231,0.0,0.0,-0.1304122507572174,-0.011154599487781525,0.01098298653960228,-0.07842539995908737,-0.1743549257516861,0.06812883168458939,-0.05422849953174591,0.5235987901687622,0.8726845383644104,0.8726646900177002,0.8726646900177002,0.8726646900177002,0.6265455484390259,0.9585462808609009,0.9585462808609009,0.9585462808609009,0.9585462808609009,0,0,0,0
0.0,0.0,0.06439565122127533,0.0,0.0,0.0,0.0,0.0,0.0,-0.0,0.0,-0.7766715288162231,0.0,0.0,-0.1359466165304184,-0.01162797212600708,0.011449076235294342,-0.08175356686115265,-0.18175409734249115,0.07102004438638687,-0.05652981996536255,0.5235987901687622,0.8726853728294373,0.8726646900177002,0.8726646900177002,0.8726646900177002,0.6309143304824829,0.9621908664703369,0.9621908664703369,0.9621908664703369,0.9621908664703369,0,0,0,0
0.0,0.0,0.06706137955188751,0.0,0.0,0.0,0.0,0.0,0.0,-0.0,0.0,-0.7766715288162231,0.0,0.0,-0.14157427847385406,-0.012109324336051941,0.01192302443087101,-0.08513785898685455,-0.1892780363559723,0.07396000623703003,-0.05886993557214737,0.5235987901687622,0.8726862668991089,0.8726646900177002,0.8726646900177002,0.8726646900177002,0.6353567838668823,0.9658969044685364,0.9658969044685364,0.9658969044685364,0.9658969044685364,0,0,0,0
0.0,0.0,0.06977064907550812,0.0,0.0,0.0,0.0,0.0,0.0,-0.0,0.0,-0.7766715288162231,0.0,0.0,-0.14729388058185577,-0.012598540633916855,0.012404713779687881,-0.08857741206884384,-0.1969248503446579,0.07694798707962036,-0.06124827638268471,0.5235987901687622,0.8726871609687805,0.8726646900177002,0.8726646900177002,0.8726646900177002,0.6398718357086182,0.9696635007858276,0.9696635007858276,0.9696635007858276,0.9696635007858276,0,0,0,0
0.0,0.0,0.07252282649278641,0.0,0.0,0.0,0.0,0.0,0.0,-0.0,0.0,-0.7766715288162231,0.0,0.0,-0.1531040370464325,-0.01309550367295742,0.012894030660390854,-0.09207144379615784,-0.2046927511692047,0.07998327910900116,-0.0636642798781395,0.5235987901687622,0.8726880550384521,0.8726646900177002,0.8726646900177002,0.8726646900177002,0.6444583535194397,0.9734897017478943,0.9734897017478943,0.9734897017478943,0.9734897017478943,0,0,0,0
0.0,0.0,0.07531727850437164,0.0,0.0,0.0,0.0,0.0,0.0,-0.0,0.0,-0.7766715288162231,0.0,0.0,-0.15900342166423798,-0.013600097969174385,0.013390862382948399,-0.09561914205551147,-0.21257996559143066,0.08306518942117691,-0.06611738353967667,0.5235987901687622,0.8726889491081238,0.8726646900177002,0.8726646900177002,0.8726646900177002,0.649115264415741,0.9773746728897095,0.9773746728897095,0.9773746728897095,0.9773746728897095,0,0,0,0
0.0,0.0,0.07815331965684891,0.0,0.0,0.0,0.0,0.0,0.0,-0.0,0.0,-0.7766715288162231,0.0,0.0,-0.1649906486272812,-0.014112205244600773,0.013895089738070965,-0.09921963512897491,-0.22058460116386414,0.08619298040866852,-0.06860701739788055,0.5235987901687622,0.8726898431777954,0.8726646900177002,0.8726646900177002,0.8726646900177002,0.6538415551185608,0.9813175201416016,0.9813175201416016,0.9813175201416016,0.9813175201416016,0,0,0,0
0.0,0.0,0.08103033900260925,0.0,0.0,0.0,0.0,0.0,0.0,-0.0,0.0,-0.7766715288162231,0.0,0.0,-0.1710643470287323,-0.014631710015237331,0.014406602829694748,-0.10287216305732727,-0.22870483994483948,0.08936595916748047,-0.0711326077580452,0.5235987901687622,0.8726907968521118,0.8726646900177002,0.8726646900177002,0.8726646900177002,0.6586361527442932,0.9853172898292542,0.9853172898292542,0.9853172898292542,0.9853172898292542,0,0,0,0
0.0,0.0,0.08394767343997955,0.0,0.0,0.0,0.0,0.0,0.0,-0.0,0.0,-0.7766715288162231,0.0,0.0,-0.17722317576408386,-0.015158496797084808,0.014925282448530197,-0.1065758615732193,-0.23693889379501343,0.09258340299129486,-0.07369358837604523,0.5235987901687622,0.8726917505264282,0.8726646900177002,0.8726646900177002,0.8726646900177002,0.6634978652000427,0.9893731474876404,0.9893731474876404,0.9893731474876404,0.9893731474876404,0,0,0,0
0.0,0.0,0.08690466731786728,0.0,0.0,0.0,0.0,0.0,0.0,-0.0,0.0,-0.7766715288162231,0.0,0.0,-0.18346574902534485,-0.015692442655563354,0.015451015904545784,-0.11032991856336594,-0.24528488516807556,0.0958445817232132,-0.07628939300775528,0.5235987901687622,0.8726927042007446,0.8726646900177002,0.8726646900177002,0.8726646900177002,0.6684257388114929,0.9934841394424438,0.9934841394424438,0.9934841394424438,0.9934841394424438,0,0,0,0
0.0,0.0,0.08990069478750229,0.0,0.0,0.0,0.0,0.0,0.0,-0.0,0.0,-0.7766715288162231,0.0,0.0,-0.18979069590568542,-0.01623343676328659,0.015983687713742256,-0.11413353681564331,-0.2537410855293274,0.09914880990982056,-0.07891946285963058,0.5235987901687622,0.872693657875061,0.8726646900177002,0.8726646900177002,0.8726646900177002,0.6734185814857483,0.9976493716239929,0.9976493716239929,0.9976493716239929,0.9976493716239929,0,0,0,0
0.0,0.0,0.09293508529663086,0.0,0.0,0.0,0.0,0.0,0.0,-0.0,0.0,-0.7766715288162231,0.0,0.0,-0.19619664549827576,-0.016781358048319817,0.016523178666830063,-0.11798584461212158,-0.26230549812316895,0.10249534994363785,-0.08158320188522339,0.5235987901687622,0.8726946711540222,0.8726646900177002,0.8726646900177002,0.8726646900177002,0.6784754395484924,1.0018678903579712,1.0018678903579712,1.0018678903579712,1.0018678903579712,0,0,0,0
0.0,0.0,0.09600719809532166,0.0,0.0,0.0,0.0,0.0,0.0,-0.0,0.0,-0.7766715288162231,0.0,0.0,-0.2026822417974472,-0.01733609475195408,0.01706938073039055,-0.12188606709241867,-0.2709764242172241,0.10588349401950836,-0.08428007364273071,0.5235987901687622,0.8726956844329834,0.8726646900177002,0.8726646900177002,0.8726646900177002,0.6835951209068298,1.0061389207839966,1.0061389207839966,1.0061389207839966,1.0061389207839966,0,0,0,0
0.0,0.0,0.09911642968654633,0.0,0.0,0.0,0.0,0.0,0.0,-0.0,0.0,-0.7766715288162231,0.0,0.0,-0.2092461884021759,-0.017897529527544975,0.01762217842042446,-0.12583337724208832,-0.27975210547447205,0.10931256413459778,-0.0870095044374466,0.5235987901687622,0.8726966977119446,0.8726646900177002,0.8726646900177002,0.8726646900177002,0.6887766122817993,1.010461449623108,1.010461449623108,1.010461449623108,1.010461449623108,0,0,0,0
0.0,0.0,0.10226206481456757,0.0,0.0,0.0,0.0,0.0,0.0,-0.0,0.0,-0.7766715288162231,0.0,0.0,-0.21588696539402008,-0.018465539440512657,0.0181814506649971,-0.12982693314552307,-0.28863054513931274,0.11278180032968521,-0.08977091312408447,0.5235987901687622,0.8726977109909058,0.8726646900177002,0.8726646900177002,0.8726646900177002,0.6940189003944397,1.0148347616195679,1.0148347616195679,1.0148347616195679,1.0148347616195679,0,0,0,0
0.0,0.0,0.10544349998235703,0.0,0.0,0.0,0.0,0.0,0.0,-0.0,0.0,-0.7766715288162231,0.0,0.0,-0.22260335087776184,-0.01904001459479332,0.018747085705399513,-0.13386592268943787,-0.29760998487472534,0.11629050970077515,-0.09256373345851898,0.5235987901687622,0.8726987242698669,0.8726646900177002,0.8726646900177002,0.8726646900177002,0.6993207335472107,1.019257664680481,1.019257664680481,1.019257664680481,1.019257664680481,0,0,0,0
0.0,0.0,0.10866005718708038,0.0,0.0,0.0,0.0,0.0,0.0,-0.0,0.0,-0.7766715288162231,0.0,0.0,-0.229393869638443,-0.019620832055807114,0.019318968057632446,-0.13794951140880585,-0.3066886365413666,0.11983796954154968,-0.09538740664720535,0.5235987901687622,0.8726997971534729,0.8726646900177002,0.8726646900177002,0.8726646900177002,0.7046811580657959,1.0237295627593994,1.0237295627593994,1.0237295627593994,1.0237295627593994,0,0,0,0
0.0,0.0,0.11191113293170929,0.0,0.0,0.0,0.0,0.0,0.0,-0.0,0.0,-0.7766715288162231,0.0,0.0,-0.23625725507736206,-0.020207878202199936,0.019896982237696648,-0.14207689464092255,-0.315864622592926,0.12342346459627151,-0.09824135899543762,0.5235987901687622,0.8727008700370789,0.8726646900177002,0.8726646900177002,0.8726646900177002,0.7100991010665894,1.0282493829727173,1.0282493829727173,1.0282493829727173,1.0282493829727173,0,0,0,0
0.0,0.0,0.11519606411457062,0.0,0.0,0.0,0.0,0.0,0.0,-0.0,0.0,-0.7766715288162231,0.0,0.0,-0.2431921362876892,-0.020801041275262833,0.020481020212173462,-0.14624729752540588,-0.3251362144947052,0.12704631686210632,-0.10112503916025162,0.5235987901687622,0.8727019429206848,0.8726646900177002,0.8726646900177002,0.8726646900177002,0.7155734300613403,1.0328162908554077,1.0328162908554077,1.0328162908554077,1.0328162908554077,0,0,0,0
0.0,0.0,0.11851418018341064,0.0,0.0,0.0,0.0,0.0,0.0,-0.0,0.0,-0.7766715288162231,0.0,0.0,-0.25019705295562744,-0.021400198340415955,0.02107095718383789,-0.15045982599258423,-0.3345014750957489,0.13070577383041382,-0.10403785854578018,0.5235987901687622,0.8727030158042908,0.8726646900177002,0.8726646900177002,0.8726646900177002,0.7211030721664429,1.0374292135238647,1.0374292135238647,1.0374292135238647,1.0374292135238647,0,0,0,0
0.0,0.0,0.12186487764120102,0.0,0.0,0.0,0.0,0.0,0.0,-0.0,0.0,-0.7766715288162231,0.0,0.0,-0.2572707533836365,-0.02200523391366005,0.021666686981916428,-0.1547136902809143,-0.34395867586135864,0.13440117239952087,-0.10697927325963974,0.5235987901687622,0.8727040886878967,0.8726646900177002,0.8726646900177002,0.8726646900177002,0.7266870737075806,1.0420875549316406,1.0420875549316406,1.0420875549316406,1.0420875549316406,0,0,0,0
0.0,0.0,0.12524743378162384,0.0,0.0,0.0,0.0,0.0,0.0,-0.0,0.0,-0.7766715288162231,0.0,0.0,-0.26441171765327454,-0.02261602319777012,0.022268077358603477,-0.15900801122188568,-0.35350579023361206,0.13813167810440063,-0.10994864255189896,0.5235987901687622,0.8727052211761475,0.8726646900177002,0.8726646900177002,0.8726646900177002,0.7323240637779236,1.0467902421951294,1.0467902421951294,1.0467902421951294,1.0467902421951294,0,0,0,0
0.0,0.0,0.12866127490997314,0.0,0.0,0.0,0.0,0.0,0.0,-0.0,0.0,-0.7766715288162231,0.0,0.0,-0.27161872386932373,-0.023232463747262955,0.02287503518164158,-0.16334207355976105,-0.3631412088871002,0.14189669489860535,-0.11294549703598022,0.5235987901687622,0.8727062940597534,0.8726646900177002,0.8726646900177002,0.8726646900177002,0.7380132079124451,1.0515363216400146,1.0515363216400146,1.0515363216400146,1.0515363216400146,0,0,0,0
0.0,0.0,0.1321057379245758,0.0,0.0,0.0,0.0,0.0,0.0,-0.0,0.0,-0.7766715288162231,0.0,0.0,-0.2788904309272766,-0.023854436352849007,0.023487437516450882,-0.16771501302719116,-0.37286311388015747,0.1456955075263977,-0.1159692332148552,0.5235987901687622,0.8727073669433594,0.8726646900177002,0.8726646900177002,0.8726646900177002,0.7437534332275391,1.0563249588012695,1.0563249588012695,1.0563249588012695,1.0563249588012695,0,0,0,0
0.0,0.0,0.1355801522731781,0.0,0.0,0.0,0.0,0.0,0.0,-0.0,0.0,-0.7766715288162231,0.0,0.0,-0.2862253189086914,-0.024481816217303276,0.024105165153741837,-0.17212596535682678,-0.38266950845718384,0.14952734112739563,-0.11901926249265671,0.5235987901687622,0.8727084994316101,0.8726646900177002,0.8726646900177002,0.8726646900177002,0.7495436072349548,1.0611553192138672,1.0611553192138672,1.0611553192138672,1.0611553192138672,0,0,0,0
0.0,0.0,0.13908392190933228,0.0,0.0,0.0,0.0,0.0,0.0,-0.0,0.0,-0.7766715288162231,0.0,0.0,-0.29362213611602783,-0.02511449158191681,0.024728108197450638,-0.17657417058944702,-0.392558753490448,0.1533915400505066,-0.12209504097700119,0.5235987901687622,0.8727096915245056,0.8726646900177002,0.8726646900177002,0.8726646900177002,0.7553826570510864,1.0660263299942017,1.0660263299942017,1.0660263299942017,1.0660263299942017,0,0,0,0
0.0,0.0,0.14261634647846222,0.0,0.0,0.0,0.0,0.0,0.0,-0.0,0.0,-0.7766715288162231,0.0,0.0,-0.30107951164245605,-0.025752341374754906,0.025356147438287735,-0.18105874955654144,-0.40252888202667236,0.1572873294353485,-0.12519598007202148,0.5235987901687622,0.8727108240127563,0.8726646900177002,0.8726646900177002,0.8726646900177002,0.7612693905830383,1.0709373950958252,1.0709373950958252,1.0709373950958252,1.0709373950958252,0,0,0,0
0.0,0.0,0.1461768001317978,0.0,0.0,0.0,0.0,0.0,0.0,-0.0,0.0,-0.7766715288162231,0.0,0.0,-0.30859601497650146,-0.02639525756239891,0.025989171117544174,-0.18557892739772797,-0.41257810592651367,0.16121405363082886,-0.12832152843475342,0.5235987901687622,0.8727120161056519,0.8726646900177002,0.8726646900177002,0.8726646900177002,0.7672029733657837,1.0758872032165527,1.0758872032165527,1.0758872032165527,1.0758872032165527,0,0,0,0
0.0,0.0,0.14976462721824646,0.0,0.0,0.0,0.0,0.0,0.0,-0.0,0.0,-0.7766715288162231,0.0,0.0,-0.316170334815979,-0.027043113484978676,0.026627056300640106,-0.19013385474681854,-0.4227045774459839,0.16517096757888794,-0.13147109746932983,0.5235987901687622,0.8727131485939026,0.8726646900177002,0.8726646900177002,0.8726646900177002,0.7731820940971375,1.080875277519226,1.080875277519226,1.080875277519226,1.080875277519226,0,0,0,0
0.0,0.0,0.1533791720867157,0.0,0.0,0.0,0.0,0.0,0.0,-0.0,0.0,-0.7766715288162231,0.0,0.0,-0.32380110025405884,-0.0276957955211401,0.027269698679447174,-0.1947227120399475,-0.43290653824806213,0.16915735602378845,-0.13464415073394775,0.5235987901687622,0.8727142810821533,0.8726646900177002,0.8726646900177002,0.8726646900177002,0.7792056798934937,1.0859004259109497,1.0859004259109497,1.0859004259109497,1.0859004259109497,0,0,0,0
0.0,0.0,0.15701985359191895,0.0,0.0,0.0,0.0,0.0,0.0,-0.0,0.0,-0.7766715288162231,0.0,0.0,-0.3314869701862335,-0.028353193774819374,0.027916986495256424,-0.19934473931789398,-0.44318217039108276,0.17317253351211548,-0.13784010708332062,0.5235987901687622,0.8727155327796936,0.8726646900177002,0.8726646900177002,0.8726646900177002,0.7852728962898254,1.0909619331359863,1.0909619331359863,1.0909619331359863,1.0909619331359863,0,0,0,0
0.0,0.0,0.1606859266757965,0.0,0.0,0.0,0.0,0.0,0.0,-0.0,0.0,-0.7766715288162231,0.0,0.0,-0.33922648429870605,-0.029015183448791504,0.02856878563761711,-0.20399901270866394,-0.4535295367240906,0.17721575498580933,-0.14105840027332306,0.5235987901687622,0.8727167248725891,0.8726646900177002,0.8726646900177002,0.8726646900177002,0.7913824319839478,1.09605872631073,1.09605872631073,1.09605872631073,1.09605872631073,0,0,0,0
0.0,0.0,0.16437681019306183,0.0,0.0,0.0,0.0,0.0,0.0,-0.0,0.0,-0.7766715288162231,0.0,0.0,-0.34701836109161377,-0.029681645333766937,0.029224999248981476,-0.2086847722530365,-0.4639469087123871,0.1812863051891327,-0.14429843425750732,0.5235987901687622,0.8727179169654846,0.8726646900177002,0.8726646900177002,0.8726646900177002,0.7975332736968994,1.1011898517608643,1.1011898517608643,1.1011898517608643,1.1011898517608643,0,0,0,0
0.0,0.0,0.16809186339378357,0.0,0.0,0.0,0.0,0.0,0.0,-0.0,0.0,-0.7766715288162231,0.0,0.0,-0.3548612594604492,-0.030352476984262466,0.029885508120059967,-0.21340122818946838,-0.47443246841430664,0.18538352847099304,-0.14755970239639282,0.5235987901687622,0.8727191090583801,0.8726646900177002,0.8726646900177002,0.8726646900177002,0.803724467754364,1.1063547134399414,1.1063547134399414,1.1063547134399414,1.1063547134399414,0,0,0,0
0.0,0.0,0.17183035612106323,0.0,0.0,0.0,0.0,0.0,0.0,-0.0,0.0,-0.7766715288162231,0.0,0.0,-0.36275365948677063,-0.03102754056453705,0.030550185590982437,-0.2181474268436432,-0.48498424887657166,0.18950660526752472,-0.15084153413772583,0.5235987901687622,0.8727203011512756,0.8726646900177002,0.8726646900177002,0.8726646900177002,0.8099546432495117,1.111552119255066,1.111552119255066,1.111552119255066,1.111552119255066,0,0,0,0
0.0,0.0,0.17559175193309784,0.0,0.0,0.0,0.0,0.0,0.0,-0.0,0.0,-0.7766715288162231,0.0,0.0,-0.3706943988800049,-0.03170673921704292,0.031218934804201126,-0.22292271256446838,-0.4956005811691284,0.19365495443344116,-0.15414349734783173,0.5235987901687622,0.8727215528488159,0.8726646900177002,0.8726646900177002,0.8726646900177002,0.8162230849266052,1.11678147315979,1.11678147315979,1.11678147315979,1.11678147315979,0,0,0,0
0.0,0.0,0.17937535047531128,0.0,0.0,0.0,0.0,0.0,0.0,-0.0,0.0,-0.7766715288162231,0.0,0.0,-0.3786819875240326,-0.03238994628190994,0.031891629099845886,-0.22772619128227234,-0.5062796473503113,0.19782774150371552,-0.1574649214744568,0.5235987901687622,0.8727228045463562,0.8726646900177002,0.8726646900177002,0.8726646900177002,0.8225284218788147,1.1220417022705078,1.1220417022705078,1.1220417022705078,1.1220417022705078,0,0,0,0
0.0,0.0,0.18318048119544983,0.0,0.0,0.0,0.0,0.0,0.0,-0.0,0.0,-0.7766715288162231,0.0,0.0,-0.3867151141166687,-0.033077042549848557,0.032568156719207764,-0.2325569987297058,-0.517019510269165,0.20202434062957764,-0.16080527007579803,0.5235987901687622,0.8727239966392517,0.8726646900177002,0.8726646900177002,0.8726646900177002,0.8288697004318237,1.1273317337036133,1.1273317337036133,1.1273317337036133,1.1273317337036133,0,0,0,0
0.0,0.0,0.18700656294822693,0.0,0.0,0.0,0.0,0.0,0.0,-0.0,0.0,-0.7766715288162231,0.0,0.0,-0.394792377948761,-0.03376792371273041,0.033248402178287506,-0.2374144047498703,-0.5278184413909912,0.20624399185180664,-0.1641640067100525,0.5235987901687622,0.872725248336792,0.8726646900177002,0.8726646900177002,0.8726646900177002,0.8352458477020264,1.1326508522033691,1.1326508522033691,1.1326508522033691,1.1326508522033691,0,0,0,0
0.0,0.0,0.19085288047790527,0.0,0.0,0.0,0.0,0.0,0.0,-0.0,0.0,-0.7766715288162231,0.0,0.0,-0.402912437915802,-0.03446245193481445,0.03393225371837616,-0.24229753017425537,-0.5386745929718018,0.21048599481582642,-0.16754050552845,0.5235987901687622,0.8727265000343323,0.8726646900177002,0.8726646900177002,0.8726646900177002,0.8416557908058167,1.137998342514038,1.137998342514038,1.137998342514038,1.137998342514038,0,0,0,0
0.0,0.0,0.1947188675403595,0.0,0.0,0.0,0.0,0.0,0.0,-0.0,0.0,-0.7766715288162231,0.0,0.0,-0.41107386350631714,-0.03516053408384323,0.034619592130184174,-0.24720555543899536,-0.5495860576629639,0.21474966406822205,-0.17093424499034882,0.5235987901687622,0.8727277517318726,0.8726646900177002,0.8726646900177002,0.8726646900177002,0.8480984568595886,1.1433730125427246,1.1433730125427246,1.1433730125427246,1.1433730125427246,0,0,0,0
0.0,0.0,0.1986037790775299,0.0,0.0,0.0,0.0,0.0,0.0,-0.0,0.0,-0.7766715288162231,0.0,0.0,-0.4192753732204437,-0.035862036049366,0.035310298204422,-0.2521376609802246,-0.5605510473251343,0.21903419494628906,-0.17434462904930115,0.5235987901687622,0.8727290034294128,0.8726646900177002,0.8726646900177002,0.8726646900177002,0.8545726537704468,1.1487740278244019,1.1487740278244019,1.1487740278244019,1.1487740278244019,0,0,0,0
0.0,0.0,0.20250700414180756,0.0,0.0,0.0,0.0,0.0,0.0,-0.0,0.0,-0.7766715288162231,0.0,0.0,-0.42751556634902954,-0.0365668460726738,0.03600426763296127,-0.25709301233291626,-0.5715678334236145,0.22333896160125732,-0.17777107656002045,0.5235987901687622,0.8727303147315979,0.8726646900177002,0.8726646900177002,0.8726646900177002,0.8610774278640747,1.154200553894043,1.154200553894043,1.154200553894043,1.154200553894043,0,0,0,0
0.0,0.0,0.2064279317855835,0.0,0.0,0.0,0.0,0.0,0.0,-0.0,0.0,-0.7766715288162231,0.0,0.0,-0.43579310178756714,-0.03727485239505768,0.03670138493180275,-0.26207083463668823,-0.582634449005127,0.22766324877738953,-0.18121309578418732,0.5235987901687622,0.8727315664291382,0.8726646900177002,0.8726646900177002,0.8726646900177002,0.8676116466522217,1.159651517868042,1.159651517868042,1.159651517868042,1.159651517868042,0,0,0,0
0.0,0.0,0.2103659063577652,0.0,0.0,0.0,0.0,0.0,0.0,-0.0,0.0,-0.7766715288162231,0.0,0.0,-0.4441066086292267,-0.03798593208193779,0.03740151971578598,-0.26707029342651367,-0.5937492251396179,0.23200631141662598,-0.18467003107070923,0.5235987901687622,0.8727328181266785,0.8726646900177002,0.8726646900177002,0.8726646900177002,0.8741742372512817,1.1651263236999512,1.1651263236999512,1.1651263236999512,1.1651263236999512,0,0,0,0
0.0,0.0,0.21432025730609894,0.0,0.0,0.0,0.0,0.0,0.0,-0.0,0.0,-0.7766715288162231,0.0,0.0,-0.45245465636253357,-0.03869996964931488,0.038104575127363205,-0.27209052443504333,-0.6049101948738098,0.23636743426322937,-0.1881413459777832,0.5235987901687622,0.8727341294288635,0.8726646900177002,0.8726646900177002,0.8726646900177002,0.8807641863822937,1.170623779296875,1.170623779296875,1.170623779296875,1.170623779296875,0,0,0,0
0.0,0.0,0.2182903289794922,0.0,0.0,0.0,0.0,0.0,0.0,-0.0,0.0,-0.7766715288162231,0.0,0.0,-0.4608359932899475,-0.039416853338479996,0.038810428231954575,-0.27713075280189514,-0.6161155700683594,0.2407459318637848,-0.19162650406360626,0.5235987901687622,0.8727353811264038,0.8726646900177002,0.8726646900177002,0.8726646900177002,0.8873803019523621,1.1761432886123657,1.1761432886123657,1.1761432886123657,1.1761432886123657,0,0,0,0
0.0,0.0,0.2222754955291748,0.0,0.0,0.0,0.0,0.0,0.0,-0.0,0.0,-0.7766715288162231,0.0,0.0,-0.4692491292953491,-0.04013645648956299,0.03951895982027054,-0.28219011425971985,-0.6273635625839233,0.24514105916023254,-0.19512486457824707,0.5235987901687622,0.8727367520332336,0.8726646900177002,0.8726646900177002,0.8726646900177002,0.8940216302871704,1.1816836595535278,1.1816836595535278,1.1816836595535278,1.1816836595535278,0,0,0,0
0.0,0.0,0.22627510130405426,0.0,0.0,0.0,0.0,0.0,0.0,-0.0,0.0,-0.7766715288162231,0.0,0.0,-0.47769272327423096,-0.0408586710691452,0.04023006185889244,-0.287267804145813,-0.6386522650718689,0.24955210089683533,-0.19863593578338623,0.5235987901687622,0.8727380037307739,0.8726646900177002,0.8726646900177002,0.8726646900177002,0.9006869792938232,1.1872440576553345,1.1872440576553345,1.1872440576553345,1.1872440576553345,0,0,0,0
0.0,0.0,0.23028849065303802,0.0,0.0,0.0,0.0,0.0,0.0,-0.0,0.0,-0.7766715288162231,0.0,0.0,-0.48616552352905273,-0.04158337414264679,0.04094361886382103,-0.2923630475997925,-0.6499800086021423,0.2539783716201782,-0.2021591067314148,0.5235987901687622,0.872739315032959,0.8726646900177002,0.8726646900177002,0.8726646900177002,0.9073753356933594,1.1928237676620483,1.1928237676620483,1.1928237676620483,1.1928237676620483,0,0,0,0
0.0,0.0,0.23431508243083954,0.0,0.0,0.0,0.0,0.0,0.0,-0.0,0.0,-0.7766715288162231,0.0,0.0,-0.49466612935066223,-0.042310453951358795,0.04165951535105705,-0.29747501015663147,-0.6613448858261108,0.2584191858768463,-0.20569387078285217,0.5235987901687622,0.8727406859397888,0.8726646900177002,0.8726646900177002,0.8726646900177002,0.9140856266021729,1.1984217166900635,1.1984217166900635,1.1984217166900635,1.1984217166900635,0,0,0,0
0.0,0.0,0.2383541762828827,0.0,0.0,0.0,0.0,0.0,0.0,-0.0,0.0,-0.7766715288162231,0.0,0.0,-0.5031930804252625,-0.04303979501128197,0.04237763211131096,-0.3026027977466583,-0.6727449893951416,0.26287373900413513,-0.20923957228660583,0.5235987901687622,0.8727419376373291,0.8726646900177002,0.8726646900177002,0.8726646900177002,0.9208167791366577,1.204037070274353,1.204037070274353,1.204037070274353,1.204037070274353,0,0,0,0
0.0,0.0,0.24240505695343018,0.0,0.0,0.0,0.0,0.0,0.0,-0.0,0.0,-0.7766715288162231,0.0,0.0,-0.5117449760437012,-0.04377127066254616,0.043097853660583496,-0.30774566531181335,-0.6841784715652466,0.26734137535095215,-0.2127956748008728,0.5235987901687622,0.8727433085441589,0.8726646900177002,0.8726646900177002,0.8726646900177002,0.927567720413208,1.209668755531311,1.209668755531311,1.209668755531311,1.209668755531311,0,0,0,0
0.0,0.0,0.2464672327041626,0.0,0.0,0.0,0.0,0.0,0.0,-0.0,0.0,-0.7766715288162231,0.0,0.0,-0.52032071352005,-0.04450478032231331,0.04382007569074631,-0.3129027783870697,-0.6956437826156616,0.27182143926620483,-0.2163616418838501,0.5235987901687622,0.8727445602416992,0.8726646900177002,0.8726646900177002,0.8726646900177002,0.9343372583389282,1.2153162956237793,1.2153162956237793,1.2153162956237793,1.2153162956237793,0,0,0,0
0.0,0.0,0.2505398988723755,0.0,0.0,0.0,0.0,0.0,0.0,-0.0,0.0,-0.7766715288162231,0.0,0.0,-0.5289185643196106,-0.04524018615484238,0.044544171541929245,-0.31807324290275574,-0.7071387767791748,0.27631303668022156,-0.21993686258792877,0.5235987901687622,0.872745931148529,0.8726646900177002,0.8726646900177002,0.8726646900177002,0.9411243200302124,1.2209783792495728,1.2209783792495728,1.2209783792495728,1.2209783792495728,0,0,0,0
0.0,0.0,0.25462257862091064,0.0,0.0,0.0,0.0,0.0,0.0,-0.0,0.0,-0.7766715288162231,0.0,0.0,-0.5375375151634216,-0.0459773987531662,0.045270033180713654,-0.32325637340545654,-0.7186618447303772,0.28081566095352173,-0.22352080047130585,0.5235987901687622,0.8727472424507141,0.8726646900177002,0.8726646900177002,0.8726646900177002,0.9479281306266785,1.2266541719436646,1.2266541719436646,1.2266541719436646,1.2266541719436646,0,0,0,0
0.0,0.0,0.2587144374847412,0.0,0.0,0.0,0.0,0.0,0.0,-0.0,0.0,-0.7766715288162231,0.0,0.0,-0.5461759567260742,-0.04671626538038254,0.045997537672519684,-0.3284512162208557,-0.730211079120636,0.2853285074234009,-0.22711288928985596,0.5235987901687622,0.8727485537528992,0.8726646900177002,0.8726646900177002,0.8726646900177002,0.9547473192214966,1.2323429584503174,1.2323429584503174,1.2323429584503174,1.2323429584503174,0,0,0,0
0.0,0.0,0.2628149390220642,0.0,0.0,0.0,0.0,0.0,0.0,-0.0,0.0,-0.7766715288162231,0.0,0.0,-0.5548325777053833,-0.04745669662952423,0.04672657698392868,-0.33365702629089355,-0.7417845129966736,0.28985080122947693,-0.23071250319480896,0.5235987901687622,0.8727498650550842,0.8726646900177002,0.8726646900177002,0.8726646900177002,0.9615808129310608,1.2380437850952148,1.2380437850952148,1.2380437850952148,1.2380437850952148,0,0,0,0
0.0,0.0,0.2669234573841095,0.0,0.0,0.0,0.0,0.0,0.0,-0.0,0.0,-0.7766715288162231,0.0,0.0,-0.5635061264038086,-0.04819857329130173,0.047457046806812286,-0.3388729989528656,-0.7533806562423706,0.2943819761276245,-0.23431918025016785,0.5235987901687622,0.8727512359619141,0.8726646900177002,0.8726646900177002,0.8726646900177002,0.9684276580810547,1.2437556982040405,1.2437556982040405,1.2437556982040405,1.2437556982040405,0,0,0,0
0.0,0.0,0.27103930711746216,0.0,0.0,0.0,0.0,0.0,0.0,-0.0,0.0,-0.7766715288162231,0.0,0.0,-0.5721950531005859,-0.048941776156425476,0.04818880558013916,-0.3440982401371002,-0.7649974822998047,0.2989211976528168,-0.2379322648048401,0.5235987901687622,0.8727525472640991,0.8726646900177002,0.8726646900177002,0.8726646900177002,0.9752867221832275,1.2494776248931885,1.2494776248931885,1.2494776248931885,1.2494776248931885,0,0,0,0
0.0,0.0,0.2751617729663849,0.0,0.0,0.0,0.0,0.0,0.0,-0.0,0.0,-0.7766715288162231,0.0,0.0,-0.5808981657028198,-0.04968617111444473,0.04892175644636154,-0.34933197498321533,-0.7766330242156982,0.3034677505493164,-0.24155119061470032,0.5235987901687622,0.872753918170929,0.8726646900177002,0.8726646900177002,0.8726646900177002,0.9821568131446838,1.255208969116211,1.255208969116211,1.255208969116211,1.255208969116211,0,0,0,0
0.0,0.0,0.2792903184890747,0.0,0.0,0.0,0.0,0.0,0.0,-0.0,0.0,-0.7766715288162231,0.0,0.0,-0.5896139144897461,-0.050431668758392334,0.04965578019618988,-0.3545733392238617,-0.7882856130599976,0.30802100896835327,-0.24517545104026794,0.5235987901687622,0.872755229473114,0.8726646900177002,0.8726646900177002,0.8726646900177002,0.9890370965003967,1.260948657989502,1.260948657989502,1.260948657989502,1.260948657989502,0,0,0,0
0.0,0.0,0.2834242582321167,0.0,0.0,0.0,0.0,0.0,0.0,-0.0,0.0,-0.7766715288162231,0.0,0.0,-0.598341166973114,-0.051178134977817535,0.05039076507091522,-0.3598215878009796,-0.7999534606933594,0.3125801980495453,-0.24880440533161163,0.5235987901687622,0.8727566003799438,0.8726646900177002,0.8726646900177002,0.8726646900177002,0.9959262609481812,1.2666957378387451,1.2666957378387451,1.2666957378387451,1.2666957378387451,0,0,0,0
0.0,0.0,0.28756293654441833,0.0,0.0,0.0,0.0,0.0,0.0,-0.0,0.0,-0.7766715288162231,0.0,0.0,-0.6070784330368042,-0.051925454288721085,0.051126591861248016,-0.36507582664489746,-0.8116346597671509,0.31714463233947754,-0.252437561750412,0.5235987901687622,0.8727579712867737,0.8726646900177002,0.8726646900177002,0.8726646900177002,1.0028233528137207,1.2724496126174927,1.2724496126174927,1.2724496126174927,1.2724496126174927,0,0,0,0
0.0,0.0,0.2917057275772095,0.0,0.0,0.0,0.0,0.0,0.0,-0.0,0.0,-0.7766715288162231,0.0,0.0,-0.6158243417739868,-0.05267352983355522,0.051863156259059906,-0.3703354001045227,-0.8233276605606079,0.3217136263847351,-0.25607433915138245,0.5235987901687622,0.8727592825889587,0.8726646900177002,0.8726646900177002,0.8726646900177002,1.0097274780273438,1.2782092094421387,1.2782092094421387,1.2782092094421387,1.2782092094421387,0,0,0,0
0.0,0.0,0.2958519458770752,0.0,0.0,0.0,0.0,0.0,0.0,-0.0,0.0,-0.7766715288162231,0.0,0.0,-0.6245774030685425,-0.05342221260070801,0.05260032042860985,-0.375599205493927,-0.835030198097229,0.3262863755226135,-0.2597140669822693,0.5235987901687622,0.8727605938911438,0.8726646900177002,0.8726646900177002,0.8726646900177002,1.0166370868682861,1.2839734554290771,1.2839734554290771,1.2839734554290771,1.2839734554290771,0,0,0,0
0.0,0.0,0.30000096559524536,0.0,0.0,0.0,0.0,0.0,0.0,-0.0,0.0,-0.7766715288162231,0.0,0.0,-0.6333365440368652,-0.054171402007341385,0.053337983787059784,-0.3808665871620178,-0.8467406034469604,0.3308621644973755,-0.2633562982082367,0.5235987901687622,0.8727619647979736,0.8726646900177002,0.8726646900177002,0.8726646900177002,1.0235514640808105,1.2897416353225708,1.2897416353225708,1.2897416353225708,1.2897416353225708,0,0,0,0
0.0,0.0,0.30415213108062744,0.0,0.0,0.0,0.0,0.0,0.0,-0.0,0.0,-0.7766715288162231,0.0,0.0,-0.6421000957489014,-0.0549209825694561,0.05407603085041046,-0.38613665103912354,-0.8584570288658142,0.33544036746025085,-0.2670004367828369,0.5235987901687622,0.8727633357048035,0.8726646900177002,0.8726646900177002,0.8726646900177002,1.030469298362732,1.2955127954483032,1.2955127954483032,1.2955127954483032,1.2955127954483032,0,0,0,0
0.0,0.0,0.3083047866821289,0.0,0.0,0.0,0.0,0.0,0.0,-0.0,0.0,-0.7766715288162231,0.0,0.0,-0.6508668661117554,-0.055670835077762604,0.05481434613466263,-0.39140868186950684,-0.8701778650283813,0.34002020955085754,-0.2706458270549774,0.5235987901687622,0.8727647066116333,0.8726646900177002,0.8726646900177002,0.8726646900177002,1.0373897552490234,1.3012861013412476,1.3012861013412476,1.3012861013412476,1.3012861013412476,0,0,0,0
0.0,0.0,0.3124583959579468,0.0,0.0,0.0,0.0,0.0,0.0,-0.0,0.0,-0.7766715288162231,0.0,0.0,-0.659635603427887,-0.05642085149884224,0.05555282160639763,-0.3966819643974304,-0.8819011449813843,0.3446010947227478,-0.27429208159446716,0.5235987901687622,0.8727660775184631,0.8726646900177002,0.8726646900177002,0.8726646900177002,1.044311761856079,1.307060718536377,1.307060718536377,1.307060718536377,1.307060718536377,0,0,0,0
0.0,0.0,0.3166121244430542,0.0,0.0,0.0,0.0,0.0,0.0,-0.0,0.0,-0.7766715288162231,0.0,0.0,-0.6684046983718872,-0.05717089772224426,0.05629132688045502,-0.4019553065299988,-0.8936249017715454,0.34918212890625,-0.2779384255409241,0.5235987901687622,0.8727673888206482,0.8726646900177002,0.8726646900177002,0.8726646900177002,1.0512340068817139,1.312835454940796,1.312835454940796,1.312835454940796,1.312835454940796,0,0,0,0
0.0,0.0,0.32076549530029297,0.0,0.0,0.0,0.0,0.0,0.0,-0.0,0.0,-0.7766715288162231,0.0,0.0,-0.6771727800369263,-0.05792086571455002,0.05702975392341614,-0.40722817182540894,-0.905347466468811,0.35376274585723877,-0.2815844416618347,0.5235987901687622,0.872768759727478,0.8726646900177002,0.8726646900177002,0.8726646900177002,1.0581555366516113,1.318609595298767,1.318609595298767,1.318609595298767,1.318609595298767,0,0,0,0
0.0,0.0,0.3249177038669586,0.0,0.0,0.0,0.0,0.0,0.0,-0.0,0.0,-0.7766715288162231,0.0,0.0,-0.6859385967254639,-0.058670639991760254,0.05776800215244293,-0.41249969601631165,-0.9170670509338379,0.35834211111068726,-0.28522950410842896,0.5235987901687622,0.8727700710296631,0.8726646900177002,0.8726646900177002,0.8726646900177002,1.065075159072876,1.3243823051452637,1.3243823051452637,1.3243823051452637,1.3243823051452637,0,0,0,0
0.0,0.0,0.32906824350357056,0.0,0.0,0.0,0.0,0.0,0.0,-0.0,0.0,-0.7766715288162231,0.0,0.0,-0.6947008967399597,-0.05942010506987572,0.05850593000650406,-0.4177689552307129,-0.9287818074226379,0.3629196286201477,-0.2888730466365814,0.5235987901687622,0.8727714419364929,0.8726646900177002,0.8726646900177002,0.8726646900177002,1.071992039680481,1.3301525115966797,1.3301525115966797,1.3301525115966797,1.3301525115966797,0,0,0,0
0.0,0.0,0.33321648836135864,0.0,0.0,0.0,0.0,0.0,0.0,-0.0,0.0,-0.7766715288162231,0.0,0.0,-0.703458309173584,-0.06016915664076805,0.05924345925450325,-0.4230353832244873,-0.9404899477958679,0.3674945831298828,-0.2925145924091339,0.5235987901687622,0.8727728128433228,0.8726646900177002,0.8726646900177002,0.8726646900177002,1.0789052248001099,1.3359196186065674,1.3359196186065674,1.3359196186065674,1.3359196186065674,0,0,0,0
0.0,0.0,0.33736157417297363,0.0,0.0,0.0,0.0,0.0,0.0,-0.0,0.0,-0.7766715288162231,0.0,0.0,-0.7122090458869934,-0.06091763824224472,0.059980425983667374,-0.42829781770706177,-0.9521893262863159,0.37206608057022095,-0.29615336656570435,0.5235987901687622,0.8727741241455078,0.8726646900177002,0.8726646900177002,0.8726646900177002,1.085813045501709,1.3416823148727417,1.3416823148727417,1.3416823148727417,1.3416823148727417,0,0,0,0
0.0,0.0,0.3415030539035797,0.0,0.0,0.0,0.0,0.0,0.0,-0.0,0.0,-0.7766715288162231,0.0,0.0,-0.7209521532058716,-0.06166547164320946,0.06071675568819046,-0.43355563282966614,-0.9638785719871521,0.3766336441040039,-0.2997890114784241,0.5235987901687622,0.8727754950523376,0.8726646900177002,0.8726646900177002,0.8726646900177002,1.0927149057388306,1.3474400043487549,1.3474400043487549,1.3474400043487549,1.3474400043487549,0,0,0,0
0.0,0.0,0.34564024209976196,0.0,0.0,0.0,0.0,0.0,0.0,-0.0,0.0,-0.7766715288162231,0.0,0.0,-0.7296863198280334,-0.06241252273321152,0.06145231053233147,-0.43880796432495117,-0.9755555391311646,0.38119634985923767,-0.3034208118915558,0.5235987901687622,0.8727768063545227,0.8726646900177002,0.8726646900177002,0.8726646900177002,1.099609375,1.3531917333602905,1.3531917333602905,1.3531917333602905,1.3531917333602905,0,0,0,0
0.0,0.0,0.34977245330810547,0.0,0.0,0.0,0.0,0.0,0.0,-0.0,0.0,-0.7766715288162231,0.0,0.0,-0.7384098172187805,-0.06315867602825165,0.062186986207962036,-0.4440539479255676,-0.9872184991836548,0.3857536315917969,-0.3070482611656189,0.5235987901687622,0.8727781772613525,0.8726646900177002,0.8726646900177002,0.8726646900177002,1.1064956188201904,1.3589365482330322,1.3589365482330322,1.3589365482330322,1.3589365482330322,0,0,0,0
0.0,0.0,0.35389912128448486,0.0,0.0,0.0,0.0,0.0,0.0,-0.0,0.0,-0.7766715288162231,0.0,0.0,-0.7471216917037964,-0.06390383094549179,0.06292067468166351,-0.44929298758506775,-0.9988657832145691,0.390304833650589,-0.3106708526611328,0.5235987901687622,0.8727795481681824,0.8726646900177002,0.8726646900177002,0.8726646900177002,1.113372802734375,1.3646736145019531,1.3646736145019531,1.3646736145019531,1.3646736145019531,0,0,0,0
0.0,0.0,0.3580194413661957,0.0,0.0,0.0,0.0,0.0,0.0,-0.0,0.0,-0.7766715288162231,0.0,0.0,-0.7558202147483826,-0.06464783847332001,0.06365324556827545,-0.4545239806175232,-1.0104953050613403,0.3948489725589752,-0.3142879009246826,0.5235987901687622,0.8727808594703674,0.8726646900177002,0.8726646900177002,0.8726646900177002,1.1202393770217896,1.3704019784927368,1.3704019784927368,1.3704019784927368,1.3704019784927368,0,0,0,0
0.0,0.0,0.36213284730911255,0.0,0.0,0.0,0.0,0.0,0.0,-0.0,0.0,-0.7766715288162231,0.0,0.0,-0.7645041942596436,-0.06539061665534973,0.0643845871090889,-0.45974621176719666,-1.0221054553985596,0.39938563108444214,-0.31789886951446533,0.5235987901687622,0.8727822303771973,0.8726646900177002,0.8726646900177002,0.8726646900177002,1.1270943880081177,1.376120686531067,1.376120686531067,1.376120686531067,1.376120686531067,0,0,0,0
0.0,0.0,0.3662387728691101,0.0,0.0,0.0,0.0,0.0,0.0,-0.0,0.0,-0.7766715288162231,0.0,0.0,-0.77317214012146,-0.06613202393054962,0.0651145800948143,-0.46495887637138367,-1.0336940288543701,0.4039139151573181,-0.32150328159332275,0.5235987901687622,0.8727835416793823,0.8726646900177002,0.8726646900177002,0.8726646900177002,1.1339370012283325,1.381829023361206,1.381829023361206,1.381829023361206,1.381829023361206,0,0,0,0
0.0,0.0,0.37033647298812866,0.0,0.0,0.0,0.0,0.0,0.0,-0.0,0.0,-0.7766715288162231,0.0,0.0,-0.7818228006362915,-0.06687194108963013,0.0658431202173233,-0.4701611399650574,-1.045259714126587,0.40843310952186584,-0.32510045170783997,0.5235987901687622,0.8727848529815674,0.8726646900177002,0.8726646900177002,0.8726646900177002,1.1407657861709595,1.3875256776809692,1.3875256776809692,1.3875256776809692,1.3875256776809692,0,0,0,0
0.0,0.0,0.37442532181739807,0.0,0.0,0.0,0.0,0.0,0.0,-0.0,0.0,-0.7766715288162231,0.0,0.0,-0.7904549241065979,-0.06761027127504349,0.06657009571790695,-0.47535213828086853,-1.056800365447998,0.41294264793395996,-0.328689843416214,0.5235987901687622,0.8727862238883972,0.8726646900177002,0.8726646900177002,0.8726646900177002,1.1475799083709717,1.3932101726531982,1.3932101726531982,1.3932101726531982,1.3932101726531982,0,0,0,0
0.0,0.0,0.37850475311279297,0.0,0.0,0.0,0.0,0.0,0.0,-0.0,0.0,-0.7766715288162231,0.0,0.0,-0.7990670204162598,-0.06834688782691956,0.0672953873872757,-0.48053112626075745,-1.0683143138885498,0.41744163632392883,-0.3322709798812866,0.5235987901687622,0.8727875351905823,0.8726646900177002,0.8726646900177002,0.8726646900177002,1.1543782949447632,1.3988816738128662,1.3988816738128662,1.3988816738128662,1.3988816738128662,0,0,0,0
0.0,0.0,0.3825739622116089,0.0,0.0,0.0,0.0,0.0,0.0,-0.0,0.0,-0.7766715288162231,0.0,0.0,-0.8076577186584473,-0.06908167153596878,0.0680188536643982,-0.4856972098350525,-1.0797995328903198,0.4219294786453247,-0.33584314584732056,0.5235987901687622,0.8727888464927673,0.8726646900177002,0.8726646900177002,0.8726646900177002,1.161159634590149,1.4045389890670776,1.4045389890670776,1.4045389890670776,1.4045389890670776,0,0,0,0
0.0,0.0,0.38663244247436523,0.0,0.0,0.0,0.0,0.0,0.0,-0.0,0.0,-0.7766715288162231,0.0,0.0,-0.816225528717041,-0.0698145180940628,0.06874042749404907,-0.49084967374801636,-1.0912543535232544,0.4264054596424103,-0.33940589427948,0.5235987901687622,0.8727901577949524,0.8726646900177002,0.8726646900177002,0.8726646900177002,1.167923092842102,1.4101811647415161,1.4101811647415161,1.4101811647415161,1.4101811647415161,0,0,0,0
0.0,0.0,0.3906795084476471,0.0,0.0,0.0,0.0,0.0,0.0,-0.0,0.0,-0.7766715288162231,0.0,0.0,-0.8247693777084351,-0.07054530084133148,0.0694599598646164,-0.4959876537322998,-1.1026771068572998,0.43086883425712585,-0.34295859932899475,0.5235987901687622,0.8727915287017822,0.8726646900177002,0.8726646900177002,0.8726646900177002,1.174667477607727,1.4158077239990234,1.4158077239990234,1.4158077239990234,1.4158077239990234,0,0,0,0
0.0,0.0,0.39471450448036194,0.0,0.0,0.0,0.0,0.0,0.0,-0.0,0.0,-0.7766715288162231,0.0,0.0,-0.8332877159118652,-0.07127390801906586,0.070177361369133,-0.501110315322876,-1.1140656471252441,0.4353189468383789,-0.3465007543563843,0.5235987901687622,0.8727928400039673,0.8726646900177002,0.8726646900177002,0.8726646900177002,1.1813918352127075,1.4214173555374146,1.4214173555374146,1.4214173555374146,1.4214173555374146,0,0,0,0
0.0,0.0,0.39873674511909485,0.0,0.0,0.0,0.0,0.0,0.0,-0.0,0.0,-0.7766715288162231,0.0,0.0,-0.8417791724205017,-0.07200020551681519,0.07089249044656754,-0.5062167644500732,-1.1254184246063232,0.4397549331188202,-0.35003167390823364,0.5235987901687622,0.8727940917015076,0.8726646900177002,0.8726646900177002,0.8726646900177002,1.188094973564148,1.4270093441009521,1.4270093441009521,1.4270093441009521,1.4270093441009521,0,0,0,0
0.0,0.0,0.4027456045150757,0.0,0.0,0.0,0.0,0.0,0.0,-0.0,0.0,-0.7766715288162231,0.0,0.0,-0.8502422571182251,-0.07272408902645111,0.07160523533821106,-0.5113061666488647,-1.1367332935333252,0.44417622685432434,-0.35355085134506226,0.5235987901687622,0.8727954030036926,0.8726646900177002,0.8726646900177002,0.8726646900177002,1.1947757005691528,1.4325826168060303,1.4325826168060303,1.4325826168060303,1.4325826168060303,0,0,0,0
0.0,0.0,0.4067404866218567,0.0,0.0,0.0,0.0,0.0,0.0,-0.0,0.0,-0.7766715288162231,0.0,0.0,-0.858676016330719,-0.07344545423984528,0.07231549918651581,-0.5163779258728027,-1.1480085849761963,0.4485820233821869,-0.3570578098297119,0.5235987901687622,0.8727967143058777,0.8726646900177002,0.8726646900177002,0.8726646900177002,1.2014333009719849,1.4381365776062012,1.4381365776062012,1.4381365776062012,1.4381365776062012,0,0,0,0
0.0,0.0,0.41072070598602295,0.0,0.0,0.0,0.0,0.0,0.0,-0.0,0.0,-0.7766715288162231,0.0,0.0,-0.8670786619186401,-0.07416415959596634,0.07302315533161163,-0.5214309692382812,-1.1592426300048828,0.4529716968536377,-0.3605518341064453,0.5235987901687622,0.8727980256080627,0.8726646900177002,0.8726646900177002,0.8726646900177002,1.2080663442611694,1.4436700344085693,1.4436700344085693,1.4436700344085693,1.4436700344085693,0,0,0,0
0.0,0.0,0.4146856665611267,0.0,0.0,0.0,0.0,0.0,0.0,-0.0,0.0,-0.7766715288162231,0.0,0.0,-0.8754490613937378,-0.07488010823726654,0.07372808456420898,-0.5264647006988525,-1.170433521270752,0.45734453201293945,-0.36403244733810425,0.5235987901687622,0.872799277305603,0.8726646900177002,0.8726646900177002,0.8726646900177002,1.2146738767623901,1.449182391166687,1.449182391166687,1.449182391166687,1.449182391166687,0,0,0,0
0.0,0.0,0.4186346232891083,0.0,0.0,0.0,0.0,0.0,0.0,-0.0,0.0,-0.7766715288162231,0.0,0.0,-0.8837858438491821,-0.07559317350387573,0.0744301825761795,-0.5314780473709106,-1.181579351425171,0.4616997241973877,-0.36749905347824097,0.5235987901687622,0.8728005886077881,0.8726646900177002,0.8726646900177002,0.8726646900177002,1.221254825592041,1.4546723365783691,1.4546723365783691,1.4546723365783691,1.4546723365783691,0,0,0,0
0.0,0.0,0.4225669205188751,0.0,0.0,0.0,0.0,0.0,0.0,-0.0,0.0,-0.7766715288162231,0.0,0.0,-0.8920873403549194,-0.07630322873592377,0.07512930780649185,-0.536470353603363,-1.1926779747009277,0.46603652834892273,-0.37095099687576294,0.5235987901687622,0.8728018403053284,0.8726646900177002,0.8726646900177002,0.8726646900177002,1.2278079986572266,1.4601391553878784,1.4601391553878784,1.4601391553878784,1.4601391553878784,0,0,0,0
0.0,0.0,0.42648202180862427,0.0,0.0,0.0,0.0,0.0,0.0,-0.0,0.0,-0.7766715288162231,0.0,0.0,-0.9003525376319885,-0.07701018452644348,0.07582539319992065,-0.5414407253265381,-1.203728199005127,0.4703543484210968,-0.37438786029815674,0.5235987901687622,0.8728031516075134,0.8726646900177002,0.8726646900177002,0.8726646900177002,1.23433256149292,1.465582251548767,1.465582251548767,1.465582251548767,1.465582251548767,0,0,0,0
0.0,0.0,0.4303792119026184,0.0,0.0,0.0,0.0,0.0,0.0,-0.0,0.0,-0.7766715288162231,0.0,0.0,-0.90857994556427,-0.07771390676498413,0.07651827484369278,-0.5463883876800537,-1.2147278785705566,0.4746524691581726,-0.3778090178966522,0.5235987901687622,0.8728043437004089,0.8726646900177002,0.8726646900177002,0.8726646900177002,1.2408273220062256,1.4710001945495605,1.4710001945495605,1.4710001945495605,1.4710001945495605,0,0,0,0
0.0,0.0,0.4342579245567322,0.0,0.0,0.0,0.0,0.0,0.0,-0.0,0.0,-0.7766715288162231,0.0,0.0,-0.9167684316635132,-0.07841429114341736,0.07720790803432465,-0.5513126850128174,-1.2256754636764526,0.47893020510673523,-0.3812139928340912,0.5235987901687622,0.8728055953979492,0.8726646900177002,0.8726646900177002,0.8726646900177002,1.2472912073135376,1.4763926267623901,1.4763926267623901,1.4763926267623901,1.4763926267623901,0,0,0,0
0.0,0.0,0.43811744451522827,0.0,0.0,0.0,0.0,0.0,0.0,-0.0,0.0,-0.7766715288162231,0.0,0.0,-0.9249162077903748,-0.07911120355129242,0.07789407670497894,-0.5562125444412231,-1.2365686893463135,0.4831867218017578,-0.38460204005241394,0.5235987901687622,0.8728069067001343,0.8726646900177002,0.8726646900177002,0.8726646900177002,1.2537230253219604,1.4817583560943604,1.4817583560943604,1.4817583560943604,1.4817583560943604,0,0,0,0
0.0,0.0,0.4419570565223694,0.0,0.0,0.0,0.0,0.0,0.0,-0.0,0.0,-0.7766715288162231,0.0,0.0,-0.9330220818519592,-0.07980452477931976,0.07857672870159149,-0.5610870718955994,-1.247405767440796,0.48742130398750305,-0.3879726827144623,0.5235987901687622,0.8728081583976746,0.8726646900177002,0.8726646900177002,0.8726646900177002,1.2601215839385986,1.4870963096618652,1.4870963096618652,1.4870963096618652,1.4870963096618652,0,0,0,0
0.0,0.0,0.44577619433403015,0.0,0.0,0.0,0.0,0.0,0.0,-0.0,0.0,-0.7766715288162231,0.0,0.0,-0.9410848617553711,-0.08049415051937103,0.07925575971603394,-0.5659357309341431,-1.2581853866577148,0.4916333854198456,-0.39132532477378845,0.5235987901687622,0.8728094100952148,0.8726646900177002,0.8726646900177002,0.8726646900177002,1.266486406326294,1.4924060106277466,1.4924060106277466,1.4924060106277466,1.4924060106277466,0,0,0,0
0.0,0.0,0.44957423210144043,0.0,0.0,0.0,0.0,0.0,0.0,-0.0,0.0,-0.7766715288162231,0.0,0.0,-0.9491028785705566,-0.08117997646331787,0.07993101328611374,-0.5707575082778931,-1.2689050436019897,0.49582210183143616,-0.3946593999862671,0.5235987901687622,0.8728106021881104,0.8726646900177002,0.8726646900177002,0.8726646900177002,1.2728157043457031,1.4976862668991089,1.4976862668991089,1.4976862668991089,1.4976862668991089,0,0,0,0
0.0,0.0,0.4533505439758301,0.0,0.0,0.0,0.0,0.0,0.0,-0.0,0.0,-0.7766715288162231,0.0,0.0,-0.9570751786231995,-0.08186185359954834,0.08060242980718613,-0.5755517482757568,-1.279563546180725,0.4999868869781494,-0.3979744613170624,0.5235987901687622,0.8728118538856506,0.8726646900177002,0.8726646900177002,0.8726646900177002,1.279109001159668,1.5029362440109253,1.5029362440109253,1.5029362440109253,1.5029362440109253,0,0,0,0
0.0,0.0,0.457104355096817,0.0,0.0,0.0,0.0,0.0,0.0,-0.0,0.0,-0.7766715288162231,0.0,0.0,-0.964999794960022,-0.08253967761993408,0.08126981556415558,-0.5803173780441284,-1.2901585102081299,0.5041269063949585,-0.40126973390579224,0.5235987901687622,0.8728131055831909,0.8726646900177002,0.8726646900177002,0.8726646900177002,1.2853648662567139,1.5081548690795898,1.5081548690795898,1.5081548690795898,1.5081548690795898,0,0,0,0
0.0,0.0,0.46083515882492065,0.0,0.0,0.0,0.0,0.0,0.0,-0.0,0.0,-0.7766715288162231,0.0,0.0,-0.9728759527206421,-0.08321335911750793,0.08193312585353851,-0.5850538015365601,-1.300688624382019,0.5082414150238037,-0.404544860124588,0.5235987901687622,0.8728142380714417,0.8726646900177002,0.8726646900177002,0.8726646900177002,1.2915821075439453,1.5133416652679443,1.5133416652679443,1.5133416652679443,1.5133416652679443,0,0,0,0
0.0,0.0,0.4645422101020813,0.0,0.0,0.0,0.0,0.0,0.0,-0.0,0.0,-0.7766715288162231,0.0,0.0,-0.9807019829750061,-0.08388274908065796,0.08259221911430359,-0.5897601246833801,-1.3111516237258911,0.5123298168182373,-0.4077990651130676,0.5235987901687622,0.8728154897689819,0.8726646900177002,0.8726646900177002,0.8726646900177002,1.297760009765625,1.5184955596923828,1.5184955596923828,1.5184955596923828,1.5184955596923828,0,0,0,0
0.0,0.0,0.4682248532772064,0.0,0.0,0.0,0.0,0.0,0.0,-0.0,0.0,-0.7766715288162231,0.0,0.0,-0.988476574420929,-0.08454772084951401,0.08324696868658066,-0.594435453414917,-1.3215458393096924,0.5163912773132324,-0.41103193163871765,0.5235987901687622,0.8728166818618774,0.8726646900177002,0.8726646900177002,0.8726646900177002,1.3038971424102783,1.5236153602600098,1.5236153602600098,1.5236153602600098,1.5236153602600098,0,0,0,0
0.0,0.0,0.47188252210617065,0.0,0.0,0.0,0.0,0.0,0.0,-0.0,0.0,-0.7766715288162231,0.0,0.0,-0.9961982369422913,-0.08520818501710892,0.08389727026224136,-0.5990790128707886,-1.33186936378479,0.5204252004623413,-0.41424280405044556,0.5235987901687622,0.872817873954773,0.8726646900177002,0.8726646900177002,0.8726646900177002,1.309992790222168,1.528700351715088,1.528700351715088,1.528700351715088,1.528700351715088,0,0,0,0
0.0,0.0,0.47551459074020386,0.0,0.0,0.0,0.0,0.0,0.0,-0.0,0.0,-0.7766715288162231,0.0,0.0,-1.0038659572601318,-0.08586402982473373,0.08454302698373795,-0.6036900877952576,-1.34212064743042,0.5244308710098267,-0.41743117570877075,0.5235987901687622,0.8728190660476685,0.8726646900177002,0.8726646900177002,0.8726646900177002,1.3160454034805298,1.5337498188018799,1.5337498188018799,1.5337498188018799,1.5337498188018799,0,0,0,0
0.0,0.0,0.47912031412124634,0.0,0.0,0.0,0.0,0.0,0.0,-0.0,0.0,-0.7766715288162231,0.0,0.0,-1.0114779472351074,-0.08651511371135712,0.08518409729003906,-0.6082677841186523,-1.3522975444793701,0.5284075736999512,-0.42059651017189026,0.5235987901687622,0.8728201985359192,0.8726646900177002,0.8726646900177002,0.8726646900177002,1.322054386138916,1.5387626886367798,1.5387626886367798,1.5387626886367798,1.5387626886367798,0,0,0,0
0.0,0.0,0.48269906640052795,0.0,0.0,0.0,0.0,0.0,0.0,-0.0,0.0,-0.7766715288162231,0.0,0.0,-1.0190331935882568,-0.0871613398194313,0.08582037687301636,-0.6128111481666565,-1.362398624420166,0.532354474067688,-0.4237380921840668,0.5235987901687622,0.8728214502334595,0.8726646900177002,0.8726646900177002,0.8726646900177002,1.328018307685852,1.5437381267547607,1.5437381267547607,1.5437381267547607,1.5437381267547607,0,0,0,0
0.0,0.0,0.4862501919269562,0.0,0.0,0.0,0.0,0.0,0.0,-0.0,0.0,-0.7766715288162231,0.0,0.0,-1.026530146598816,-0.08780258148908615,0.08645173907279968,-0.6173195242881775,-1.3724215030670166,0.5362709760665894,-0.42685553431510925,0.5235987901687622,0.8728225231170654,0.8726646900177002,0.8726646900177002,0.8726646900177002,1.333936333656311,1.5486750602722168,1.5486750602722168,1.5486750602722168,1.5486750602722168,0,0,0,0
0.0,0.0,0.489773154258728,0.0,0.0,0.0,0.0,0.0,0.0,-0.0,0.0,-0.7766715288162231,0.0,0.0,-1.0339674949645996,-0.0884387269616127,0.08707810193300247,-0.6217920780181885,-1.3823648691177368,0.540156364440918,-0.4299481511116028,0.5235987901687622,0.8728237152099609,0.8726646900177002,0.8726646900177002,0.8726646900177002,1.3398075103759766,1.5535728931427002,1.5535728931427002,1.5535728931427002,1.5535728931427002,0,0,0,0
0.0,0.0,0.4932672083377838,0.0,0.0,0.0,0.0,0.0,0.0,-0.0,0.0,-0.7766715288162231,0.0,0.0,-1.0413436889648438,-0.08906964957714081,0.08769931644201279,-0.6262279748916626,-1.3922266960144043,0.544009804725647,-0.4330154061317444,0.5235987901687622,0.8728247880935669,0.8726646900177002,0.8726646900177002,0.8726646900177002,1.345630168914795,1.5584304332733154,1.5584304332733154,1.5584304332733154,1.5584304332733154,0,0,0,0
0.0,0.0,0.4967317581176758,0.0,0.0,0.0,0.0,0.0,0.0,-0.0,0.0,-0.7766715288162231,0.0,0.0,-1.0486578941345215,-0.08969523757696152,0.08831527829170227,-0.630626380443573,-1.4020053148269653,0.5478307008743286,-0.4360567033290863,0.5235987901687622,0.8728259205818176,0.8726646900177002,0.8726646900177002,0.8726646900177002,1.351404070854187,1.5632469654083252,1.5632469654083252,1.5632469654083252,1.5632469654083252,0,0,0,0
0.0,0.0,0.500166118144989,0.0,0.0,0.0,0.0,0.0,0.0,-0.0,0.0,-0.7766715288162231,0.0,0.0,-1.055907964706421,-0.09031537175178528,0.08892589062452316,-0.6349864602088928,-1.411698579788208,0.5516183376312256,-0.43907156586647034,0.5235987901687622,0.8728270530700684,0.8726646900177002,0.8726646900177002,0.8726646900177002,1.3571271896362305,1.568021535873413,1.568021535873413,1.568021535873413,1.568021535873413,0,0,0,0
0.0,0.0,0.5035695433616638,0.0,0.0,0.0,0.0,0.0,0.0,-0.0,0.0,-0.7766715288162231,0.0,0.0,-1.0630933046340942,-0.09092994779348373,0.08953099697828293,-0.6393073201179504,-1.4213045835494995,0.5553719401359558,-0.4420592784881592,0.5235987901687622,0.8728281855583191,0.8726646900177002,0.8726646900177002,0.8726646900177002,1.3627991676330566,1.5727533102035522,1.5727533102035522,1.5727533102035522,1.5727533102035522,0,0,0,0
0.0,0.0,0.5069416165351868,0.0,0.0,0.0,0.0,0.0,0.0,-0.0,0.0,-0.7766715288162231,0.0,0.0,-1.0702121257781982,-0.09153883904218674,0.0901305228471756,-0.6435883045196533,-1.4308221340179443,0.5590909123420715,-0.4450194537639618,0.5235987901687622,0.872829258441925,0.8726646900177002,0.8726646900177002,0.8726646900177002,1.3684186935424805,1.5774412155151367,1.5774412155151367,1.5774412155151367,1.5774412155151367,0,0,0,0
0.0,0.0,0.510281503200531,0.0,0.0,0.0,0.0,0.0,0.0,-0.0,0.0,-0.7766715288162231,0.0,0.0,-1.0772629976272583,-0.09214193373918533,0.09072432667016983,-0.6478284597396851,-1.4402488470077515,0.5627743005752563,-0.44795137643814087,0.5235987901687622,0.872830331325531,0.8726646900177002,0.8726646900177002,0.8726646900177002,1.3739845752716064,1.5820846557617188,1.5820846557617188,1.5820846557617188,1.5820846557617188,0,0,0,0
0.0,0.0,0.5135886669158936,0.0,0.0,0.0,0.0,0.0,0.0,-0.0,0.0,-0.7766715288162231,0.0,0.0,-1.084244728088379,-0.09273910522460938,0.09131231158971786,-0.6520270109176636,-1.4495830535888672,0.5664216876029968,-0.4508545994758606,0.5235987901687622,0.872831404209137,0.8726646900177002,0.8726646900177002,0.8726646900177002,1.3794960975646973,1.5866825580596924,1.5866825580596924,1.5866825580596924,1.5866825580596924,0,0,0,0
0.0,0.0,0.5168622732162476,0.0,0.0,0.0,0.0,0.0,0.0,-0.0,0.0,-0.7766715288162231,0.0,0.0,-1.0911558866500854,-0.09333021938800812,0.09189435839653015,-0.6561831831932068,-1.4588229656219482,0.5700321197509766,-0.4537283778190613,0.5235987901687622,0.8728324770927429,0.8726646900177002,0.8726646900177002,0.8726646900177002,1.3849515914916992,1.5912336111068726,1.5912336111068726,1.5912336111068726,1.5912336111068726,0,0,0,0
0.0,0.0,0.5201018452644348,0.0,0.0,0.0,0.0,0.0,0.0,-0.0,0.0,-0.7766715288162231,0.0,0.0,-1.0979950428009033,-0.09391520172357559,0.09247032552957535,-0.6602959632873535,-1.4679664373397827,0.5736050009727478,-0.4565722644329071,0.5235987901687622,0.8728335499763489,0.8726646900177002,0.8726646900177002,0.8726646900177002,1.3903504610061646,1.5957374572753906,1.5957374572753906,1.5957374572753906,1.5957374572753906,0,0,0,0
0.0,0.0,0.5233069062232971,0.0,0.0,0.0,0.0,0.0,0.0,-0.0,0.0,-0.7766715288162231,0.0,0.0,-1.104761004447937,-0.09449392557144165,0.09304015338420868,-0.6643649339675903,-1.4770125150680542,0.5771397352218628,-0.45938581228256226,0.5235987901687622,0.8728346228599548,0.8726646900177002,0.8726646900177002,0.8726646900177002,1.3956913948059082,1.6001932621002197,1.6001932621002197,1.6001932621002197,1.6001932621002197,0,0,0,0
0.0,0.0,0.5264764428138733,0.0,0.0,0.0,0.0,0.0,0.0,-0.0,0.0,-0.7766715288162231,0.0,0.0,-1.111452341079712,-0.09506626427173615,0.09360367804765701,-0.6683887839317322,-1.4859585762023926,0.5806353092193604,-0.46216821670532227,0.5235987901687622,0.872835636138916,0.8726646900177002,0.8726646900177002,0.8726646900177002,1.4009736776351929,1.6045997142791748,1.6045997142791748,1.6045997142791748,1.6045997142791748,0,0,0,0
0.0,0.0,0.5296100974082947,0.0,0.0,0.0,0.0,0.0,0.0,-0.0,0.0,-0.7766715288162231,0.0,0.0,-1.118067741394043,-0.09563209861516953,0.09416080266237259,-0.6723670959472656,-1.4948029518127441,0.5840912461280823,-0.4649190306663513,0.5235987901687622,0.8728366494178772,0.8726646900177002,0.8726646900177002,0.8726646900177002,1.406195878982544,1.6089563369750977,1.6089563369750977,1.6089563369750977,1.6089563369750977,0,0,0,0
0.0,0.0,0.5327069759368896,0.0,0.0,0.0,0.0,0.0,0.0,-0.0,0.0,-0.7766715288162231,0.0,0.0,-1.124605655670166,-0.09619130939245224,0.09471140801906586,-0.6762987375259399,-1.5035438537597656,0.5875067114830017,-0.4676376283168793,0.5235987901687622,0.8728376626968384,0.8726646900177002,0.8726646900177002,0.8726646900177002,1.4113569259643555,1.6132616996765137,1.6132616996765137,1.6132616996765137,1.6132616996765137,0,0,0,0
0.0,0.0,0.5357666015625,0.0,0.0,0.0,0.0,0.0,0.0,-0.0,0.0,-0.7766715288162231,0.0,0.0,-1.1310648918151855,-0.09674378484487534,0.09525539726018906,-0.6801831126213074,-1.5121796131134033,0.5908810496330261,-0.47032350301742554,0.5235987901687622,0.8728386759757996,0.8726646900177002,0.8726646900177002,0.8726646900177002,1.416455626487732,1.617515206336975,1.617515206336975,1.617515206336975,1.617515206336975,0,0,0,0
0.0,0.0,0.5387883186340332,0.0,0.0,0.0,0.0,0.0,0.0,-0.0,0.0,-0.7766715288162231,0.0,0.0,-1.137444019317627,-0.09728942066431046,0.09579262882471085,-0.6840192675590515,-1.5207080841064453,0.5942136645317078,-0.47297611832618713,0.5235987901687622,0.872839629650116,0.8726646900177002,0.8726646900177002,0.8726646900177002,1.4214911460876465,1.6217162609100342,1.6217162609100342,1.6217162609100342,1.6217162609100342,0,0,0,0
0.0,0.0,0.5417713522911072,0.0,0.0,0.0,0.0,0.0,0.0,-0.0,0.0,-0.7766715288162231,0.0,0.0,-1.143741488456726,-0.09782806783914566,0.09632300585508347,-0.6878064274787903,-1.529127597808838,0.5975035429000854,-0.4755948483943939,0.5235987901687622,0.8728405833244324,0.8726646900177002,0.8726646900177002,0.8726646900177002,1.4264628887176514,1.6258634328842163,1.6258634328842163,1.6258634328842163,1.6258634328842163,0,0,0,0
0.0,0.0,0.5447152853012085,0.0,0.0,0.0,0.0,0.0,0.0,-0.0,0.0,-0.7766715288162231,0.0,0.0,-1.1499563455581665,-0.09835964441299438,0.09684640169143677,-0.6915438771247864,-1.537436604499817,0.6007503271102905,-0.47817903757095337,0.5235987901687622,0.8728415966033936,0.8726646900177002,0.8726646900177002,0.8726646900177002,1.4313687086105347,1.6299562454223633,1.6299562454223633,1.6299562454223633,1.6299562454223633,0,0,0,0
0.0,0.0,0.5476192235946655,0.0,0.0,0.0,0.0,0.0,0.0,-0.0,0.0,-0.7766715288162231,0.0,0.0,-1.1560871601104736,-0.09888402372598648,0.0973626971244812,-0.6952306032180786,-1.5456329584121704,0.603952944278717,-0.4807283282279968,0.5235987901687622,0.8728424906730652,0.8726646900177002,0.8726646900177002,0.8726646900177002,1.4362081289291382,1.6339932680130005,1.6339932680130005,1.6339932680130005,1.6339932680130005,0,0,0,0
0.0,0.0,0.5504825711250305,0.0,0.0,0.0,0.0,0.0,0.0,-0.0,0.0,-0.7766715288162231,0.0,0.0,-1.1621320247650146,-0.0994010642170906,0.09787178784608841,-0.6988657712936401,-1.5537147521972656,0.6071109175682068,-0.4832419157028198,0.5235987901687622,0.8728434443473816,0.8726646900177002,0.8726646900177002,0.8726646900177002,1.4409799575805664,1.6379742622375488,1.6379742622375488,1.6379742622375488,1.6379742622375488,0,0,0,0
0.0,0.0,0.55330491065979,0.0,0.0,0.0,0.0,0.0,0.0,-0.0,0.0,-0.7766715288162231,0.0,0.0,-1.1680901050567627,-0.0999106764793396,0.09837356954813004,-0.702448844909668,-1.5616804361343384,0.6102234721183777,-0.4857195019721985,0.5235987901687622,0.872844398021698,0.8726646900177002,0.8726646900177002,0.8726646900177002,1.4456831216812134,1.6418980360031128,1.6418980360031128,1.6418980360031128,1.6418980360031128,0,0,0,0
0.0,0.0,0.5560852289199829,0.0,0.0,0.0,0.0,0.0,0.0,-0.0,0.0,-0.7766715288162231,0.0,0.0,-1.1739599704742432,-0.1004127487540245,0.09886790812015533,-0.7059786915779114,-1.5695282220840454,0.6132899522781372,-0.4881603717803955,0.5235987901687622,0.8728452324867249,0.8726646900177002,0.8726646900177002,0.8726646900177002,1.4503166675567627,1.6457633972167969,1.6457633972167969,1.6457633972167969,1.6457633972167969,0,0,0,0
0.0,0.0,0.5588232278823853,0.0,0.0,0.0,0.0,0.0,0.0,-0.0,0.0,-0.7766715288162231,0.0,0.0,-1.179740071296692,-0.10090713202953339,0.09935468435287476,-0.7094547152519226,-1.5772559642791748,0.6163095831871033,-0.4905638098716736,0.5235987901687622,0.8728461861610413,0.8726646900177002,0.8726646900177002,0.8726646900177002,1.4548795223236084,1.6495697498321533,1.6495697498321533,1.6495697498321533,1.6495697498321533,0,0,0,0
0.0,0.0,0.5615179538726807,0.0,0.0,0.0,0.0,0.0,0.0,-0.0,0.0,-0.7766715288162231,0.0,0.0,-1.1854289770126343,-0.10139373689889908,0.09983380138874054,-0.7128757834434509,-1.5848617553710938,0.6192815899848938,-0.4929293990135193,0.5235987901687622,0.8728470206260681,0.8726646900177002,0.8726646900177002,0.8726646900177002,1.4593703746795654,1.6533162593841553,1.6533162593841553,1.6533162593841553,1.6533162593841553,0,0,0,0
0.0,0.0,0.5641690492630005,0.0,0.0,0.0,0.0,0.0,0.0,-0.0,0.0,-0.7766715288162231,0.0,0.0,-1.1910258531570435,-0.10187245160341263,0.10030515491962433,-0.7162414789199829,-1.5923442840576172,0.622205376625061,-0.4952567219734192,0.5235987901687622,0.8728479146957397,0.8726646900177002,0.8726646900177002,0.8726646900177002,1.463788628578186,1.6570018529891968,1.6570018529891968,1.6570018529891968,1.6570018529891968,0,0,0,0
0.0,0.0,0.5667757391929626,0.0,0.0,0.0,0.0,0.0,0.0,-0.0,0.0,-0.7766715288162231,0.0,0.0,-1.196528673171997,-0.1023431271314621,0.10076858848333359,-0.7195508480072021,-1.5997015237808228,0.6250802278518677,-0.4975450038909912,0.5235987901687622,0.8728486895561218,0.8726646900177002,0.8726646900177002,0.8726646900177002,1.4681323766708374,1.660625696182251,1.660625696182251,1.660625696182251,1.660625696182251,0,0,0,0
0.0,0.0,0.5693373680114746,0.0,0.0,0.0,0.0,0.0,0.0,-0.0,0.0,-0.7766715288162231,0.0,0.0,-1.2019366025924683,-0.10280568897724152,0.10122402757406235,-0.7228028774261475,-1.6069315671920776,0.6279053092002869,-0.4997936487197876,0.5235987901687622,0.8728495836257935,0.8726646900177002,0.8726646900177002,0.8726646900177002,1.4724013805389404,1.6641871929168701,1.6641871929168701,1.6641871929168701,1.6641871929168701,0,0,0,0
0.0,0.0,0.5718532800674438,0.0,0.0,0.0,0.0,0.0,0.0,-0.0,0.0,-0.7766715288162231,0.0,0.0,-1.2072479724884033,-0.10325998067855835,0.10167134553194046,-0.7259969711303711,-1.6140328645706177,0.6306800246238708,-0.5020022988319397,0.5235987901687622,0.8728504180908203,0.8726646900177002,0.8726646900177002,0.8726646900177002,1.4765945672988892,1.6676850318908691,1.6676850318908691,1.6676850318908691,1.6676850318908691,0,0,0,0
0.0,0.0,0.5743227005004883,0.0,0.0,0.0,0.0,0.0,0.0,-0.0,0.0,-0.7766715288162231,0.0,0.0,-1.2124614715576172,-0.10370591282844543,0.10211040824651718,-0.7291321754455566,-1.6210027933120728,0.6334035396575928,-0.5041701197624207,0.5235987901687622,0.8728511929512024,0.8726646900177002,0.8726646900177002,0.8726646900177002,1.4807097911834717,1.6711180210113525,1.6711180210113525,1.6711180210113525,1.6711180210113525,0,0,0,0
0.0,0.0,0.5767453908920288,0.0,0.0,0.0,0.0,0.0,0.0,-0.0,0.0,-0.7766715288162231,0.0,0.0,-1.2175756692886353,-0.10414335131645203,0.10254111886024475,-0.732207715511322,-1.6278403997421265,0.6360753774642944,-0.5062967538833618,0.5235987901687622,0.8728519678115845,0.8726646900177002,0.8726646900177002,0.8726646900177002,1.4847466945648193,1.6744861602783203,1.6744861602783203,1.6744861602783203,1.6744861602783203,0,0,0,0
0.0,0.0,0.5791201591491699,0.0,0.0,0.0,0.0,0.0,0.0,-0.0,0.0,-0.7766715288162231,0.0,0.0,-1.2225894927978516,-0.10457217693328857,0.10296335816383362,-0.7352227568626404,-1.6345434188842773,0.6386945843696594,-0.5083816051483154,0.5235987901687622,0.8728527426719666,0.8726646900177002,0.8726646900177002,0.8726646900177002,1.4887049198150635,1.6777877807617188,1.6777877807617188,1.6777877807617188,1.6777877807617188,0,0,0,0
0.0,0.0,0.5814468264579773,0.0,0.0,0.0,0.0,0.0,0.0,-0.0,0.0,-0.7766715288162231,0.0,0.0,-1.2275011539459229,-0.10499231517314911,0.10337701439857483,-0.7381766438484192,-1.6411101818084717,0.6412605047225952,-0.5104240775108337,0.5235987901687622,0.8728535175323486,0.8726646900177002,0.8726646900177002,0.8726646900177002,1.4925822019577026,1.6810222864151,1.6810222864151,1.6810222864151,1.6810222864151,0,0,0,0
0.0,0.0,0.5837245583534241,0.0,0.0,0.0,0.0,0.0,0.0,-0.0,0.0,-0.7766715288162231,0.0,0.0,-1.2323096990585327,-0.1054035872220993,0.10378196835517883,-0.7410681247711182,-1.6475389003753662,0.6437724828720093,-0.5124234557151794,0.5235987901687622,0.8728542923927307,0.8726646900177002,0.8726646900177002,0.8726646900177002,1.4963775873184204,1.6841890811920166,1.6841890811920166,1.6841890811920166,1.6841890811920166,0,0,0,0
0.0,0.0,0.5859525203704834,0.0,0.0,0.0,0.0,0.0,0.0,-0.0,0.0,-0.7766715288162231,0.0,0.0,-1.2370132207870483,-0.1058058887720108,0.10417808592319489,-0.7438967227935791,-1.65382719039917,0.64622962474823,-0.5143793225288391,0.5235987901687622,0.872855007648468,0.8726646900177002,0.8726646900177002,0.8726646900177002,1.5000908374786377,1.687286376953125,1.687286376953125,1.687286376953125,1.687286376953125,0,0,0,0
0.0,0.0,0.5881302952766418,0.0,0.0,0.0,0.0,0.0,0.0,-0.0,0.0,-0.7766715288162231,0.0,0.0,-1.2416107654571533,-0.10619914531707764,0.10456529259681702,-0.7466616630554199,-1.6599740982055664,0.6486315727233887,-0.5162912011146545,0.5235987901687622,0.8728556632995605,0.8726646900177002,0.8726646900177002,0.8726646900177002,1.5037200450897217,1.6903141736984253,1.6903141736984253,1.6903141736984253,1.6903141736984253,0,0,0,0
0.0,0.0,0.5902573466300964,0.0,0.0,0.0,0.0,0.0,0.0,-0.0,0.0,-0.7766715288162231,0.0,0.0,-1.2461012601852417,-0.10658322274684906,0.10494345426559448,-0.7493619322776794,-1.6659774780273438,0.6509774327278137,-0.5181583166122437,0.5235987901687622,0.8728563785552979,0.8726646900177002,0.8726646900177002,0.8726646900177002,1.5072648525238037,1.6932713985443115,1.6932713985443115,1.6932713985443115,1.6932713985443115,0,0,0,0
0.0,0.0,0.5923327803611755,0.0,0.0,0.0,0.0,0.0,0.0,-0.0,0.0,-0.7766715288162231,0.0,0.0,-1.2504826784133911,-0.10695798695087433,0.10531245172023773,-0.7519967555999756,-1.6718354225158691,0.6532662510871887,-0.5199801921844482,0.5235987901687622,0.8728570938110352,0.8726646900177002,0.8726646900177002,0.8726646900177002,1.5107232332229614,1.6961565017700195,1.6961565017700195,1.6961565017700195,1.6961565017700195,0,0,0,0
0.0,0.0,0.5943560600280762,0.0,0.0,0.0,0.0,0.0,0.0,-0.0,0.0,-0.7766715288162231,0.0,0.0,-1.2547539472579956,-0.10732333362102509,0.10567216575145721,-0.7545653581619263,-1.6775457859039307,0.6554976105690002,-0.5217563509941101,0.5235987901687622,0.8728576898574829,0.8726646900177002,0.8726646900177002,0.8726646900177002,1.5140953063964844,1.6989694833755493,1.6989694833755493,1.6989694833755493,1.6989694833755493,0,0,0,0
0.0,0.0,0.5963264107704163,0.0,0.0,0.0,0.0,0.0,0.0,-0.0,0.0,-0.7766715288162231,0.0,0.0,-1.2589136362075806,-0.10767912864685059,0.10602250695228577,-0.7570669651031494,-1.6831073760986328,0.657670795917511,-0.5234861373901367,0.5235987901687622,0.8728583455085754,0.8726646900177002,0.8726646900177002,0.8726646900177002,1.5173790454864502,1.7017086744308472,1.7017086744308472,1.7017086744308472,1.7017086744308472,0,0,0,0
0.0,0.0,0.5982434749603271,0.0,0.0,0.0,0.0,0.0,0.0,-0.0,0.0,-0.7766715288162231,0.0,0.0,-1.2629607915878296,-0.10802526772022247,0.10636331140995026,-0.7595006227493286,-1.6885178089141846,0.6597849726676941,-0.5251689553260803,0.5235987901687622,0.8728589415550232,0.8726646900177002,0.8726646900177002,0.8726646900177002,1.520573616027832,1.704374074935913,1.704374074935913,1.704374074935913,1.704374074935913,0,0,0,0
0.0,0.0,0.6001063585281372,0.0,0.0,0.0,0.0,0.0,0.0,-0.0,0.0,-0.7766715288162231,0.0,0.0,-1.2668935060501099,-0.10836167633533478,0.10669451951980591,-0.7618657350540161,-1.6937756538391113,0.6618394255638123,-0.5268042087554932,0.5235987901687622,0.872859537601471,0.8726646900177002,0.8726646900177002,0.8726646900177002,1.5236783027648926,1.7069637775421143,1.7069637775421143,1.7069637775421143,1.7069637775421143,0,0,0,0
0.0,0.0,0.6019144654273987,0.0,0.0,0.0,0.0,0.0,0.0,-0.0,0.0,-0.7766715288162231,0.0,0.0,-1.2707105875015259,-0.10868814587593079,0.10701598227024078,-0.764161229133606,-1.6988790035247803,0.663833498954773,-0.5283914804458618,0.5235987901687622,0.8728601336479187,0.8726646900177002,0.8726646900177002,0.8726646900177002,1.5266913175582886,1.709477424621582,1.709477424621582,1.709477424621582,1.709477424621582,0,0,0,0
0.0,0.0,0.6036670207977295,0.0,0.0,0.0,0.0,0.0,0.0,-0.0,0.0,-0.7766715288162231,0.0,0.0,-1.274410605430603,-0.10900461673736572,0.10732759535312653,-0.7663861513137817,-1.7038259506225586,0.6657665967941284,-0.5299301147460938,0.5235987901687622,0.8728607296943665,0.8726646900177002,0.8726646900177002,0.8726646900177002,1.5296120643615723,1.7119140625,1.7119140625,1.7119140625,1.7119140625,0,0,0,0
0.0,0.0,0.6053637266159058,0.0,0.0,0.0,0.0,0.0,0.0,-0.0,0.0,-0.7766715288162231,0.0,0.0,-1.2779923677444458,-0.10931098461151123,0.10762923955917358,-0.7685401439666748,-1.7086145877838135,0.6676377058029175,-0.5314195156097412,0.5235987901687622,0.8728612661361694,0.8726646900177002,0.8726646900177002,0.8726646900177002,1.5324394702911377,1.7142728567123413,1.7142728567123413,1.7142728567123413,1.7142728567123413,0,0,0,0
0.0,0.0,0.6070036292076111,0.0,0.0,0.0,0.0,0.0,0.0,-0.0,0.0,-0.7766715288162231,0.0,0.0,-1.28145432472229,-0.10960711538791656,0.1079208105802536,-0.7706221342086792,-1.713243007659912,0.6694462895393372,-0.5328590273857117,0.5235987901687622,0.8728618025779724,0.8726646900177002,0.8726646900177002,0.8726646900177002,1.5351723432540894,1.7165528535842896,1.7165528535842896,1.7165528535842896,1.7165528535842896,0,0,0,0
0.0,0.0,0.6085861921310425,0.0,0.0,0.0,0.0,0.0,0.0,-0.0,0.0,-0.7766715288162231,0.0,0.0,-1.2847954034805298,-0.10989288985729218,0.10820218920707703,-0.7726312875747681,-1.7177097797393799,0.6711918115615845,-0.534248411655426,0.5235987901687622,0.8728623390197754,0.8726646900177002,0.8726646900177002,0.8726646900177002,1.5378097295761108,1.7187529802322388,1.7187529802322388,1.7187529802322388,1.7187529802322388,0,0,0,0
0.0,0.0,0.6101107597351074,0.0,0.0,0.0,0.0,0.0,0.0,-0.0,0.0,-0.7766715288162231,0.0,0.0,-1.2880139350891113,-0.11016817390918732,0.10847325623035431,-0.7745668888092041,-1.722012996673584,0.6728731393814087,-0.5355867743492126,0.5235987901687622,0.8728628158569336,0.8726646900177002,0.8726646900177002,0.8726646900177002,1.5403505563735962,1.7208725214004517,1.7208725214004517,1.7208725214004517,1.7208725214004517,0,0,0,0
0.0,0.0,0.6115766763687134,0.0,0.0,0.0,0.0,0.0,0.0,-0.0,0.0,-0.7766715288162231,0.0,0.0,-1.2911086082458496,-0.11043289303779602,0.10873386263847351,-0.7764278650283813,-1.7261505126953125,0.6744898557662964,-0.5368735790252686,0.5235987901687622,0.8728632926940918,0.8726646900177002,0.8726646900177002,0.8726646900177002,1.54279363155365,1.7229105234146118,1.7229105234146118,1.7229105234146118,1.7229105234146118,0,0,0,0
0.0,0.0,0.6129834055900574,0.0,0.0,0.0,0.0,0.0,0.0,-0.0,0.0,-0.7766715288162231,0.0,0.0,-1.2940783500671387,-0.11068688333034515,0.10898396372795105,-0.7782137393951416,-1.7301208972930908,0.6760412454605103,-0.5381084084510803,0.5235987901687622,0.87286376953125,0.8726646900177002,0.8726646900177002,0.8726646900177002,1.545137643814087,1.7248660326004028,1.7248660326004028,1.7248660326004028,1.7248660326004028,0,0,0,0
0.0,0.0,0.6143300533294678,0.0,0.0,0.0,0.0,0.0,0.0,-0.0,0.0,-0.7766715288162231,0.0,0.0,-1.2969212532043457,-0.11093005537986755,0.10922341048717499,-0.7799234390258789,-1.733922004699707,0.6775264739990234,-0.5392906069755554,0.5235987901687622,0.8728641867637634,0.8726646900177002,0.8726646900177002,0.8726646900177002,1.5473817586898804,1.7267383337020874,1.7267383337020874,1.7267383337020874,1.7267383337020874,0,0,0,0
0.0,0.0,0.6156162023544312,0.0,0.0,0.0,0.0,0.0,0.0,-0.0,0.0,-0.7766715288162231,0.0,0.0,-1.2996366024017334,-0.11116228997707367,0.10945208370685577,-0.7815563678741455,-1.7375519275665283,0.6789448261260986,-0.5404196381568909,0.5235987901687622,0.8728646039962769,0.8726646900177002,0.8726646900177002,0.8726646900177002,1.549525260925293,1.7285263538360596,1.7285263538360596,1.7285263538360596,1.7285263538360596,0,0,0,0
0.0,0.0,0.6168411374092102,0.0,0.0,0.0,0.0,0.0,0.0,-0.0,0.0,-0.7766715288162231,0.0,0.0,-1.302222490310669,-0.11138349771499634,0.10966986417770386,-0.7831113338470459,-1.741008996963501,0.6802958250045776,-0.5414949655532837,0.5235987901687622,0.8728650212287903,0.8726646900177002,0.8726646900177002,0.8726646900177002,1.5515666007995605,1.730229377746582,1.730229377746582,1.730229377746582,1.730229377746582,0,0,0,0
0.0,0.0,0.6180041432380676,0.0,0.0,0.0,0.0,0.0,0.0,-0.0,0.0,-0.7766715288162231,0.0,0.0,-1.3046777248382568,-0.11159349977970123,0.10987663269042969,-0.7845878601074219,-1.7442917823791504,0.681578516960144,-0.5425159931182861,0.5235987901687622,0.8728653788566589,0.8726646900177002,0.8726646900177002,0.8726646900177002,1.5535050630569458,1.7318462133407593,1.7318462133407593,1.7318462133407593,1.7318462133407593,0,0,0,0
0.0,0.0,0.6191046237945557,0.0,0.0,0.0,0.0,0.0,0.0,-0.0,0.0,-0.7766715288162231,0.0,0.0,-1.3070011138916016,-0.11179219186306,0.11007228493690491,-0.785984992980957,-1.7473976612091064,0.6827921867370605,-0.5434820055961609,0.5235987901687622,0.8728657364845276,0.8726646900177002,0.8726646900177002,0.8726646900177002,1.555338978767395,1.7333762645721436,1.7333762645721436,1.7333762645721436,1.7333762645721436,0,0,0,0
0.0,0.0,0.6201419830322266,0.0,0.0,0.0,0.0,0.0,0.0,-0.0,0.0,-0.7766715288162231,0.0,0.0,-1.3091909885406494,-0.11197951436042786,0.11025673151016235,-0.7873020172119141,-1.7503256797790527,0.6839362382888794,-0.5443925857543945,0.5235987901687622,0.8728660941123962,0.8726646900177002,0.8726646900177002,0.8726646900177002,1.557067632675171,1.734818458557129,1.734818458557129,1.734818458557129,1.734818458557129,0,0,0,0
0.0,0.0,0.6211154460906982,0.0,0.0,0.0,0.0,0.0,0.0,-0.0,0.0,-0.7766715288162231,0.0,0.0,-1.311246395111084,-0.11215531826019287,0.11042982339859009,-0.7885380983352661,-1.7530734539031982,0.6850099563598633,-0.5452471971511841,0.5235987901687622,0.8728663921356201,0.8726646900177002,0.8726646900177002,0.8726646900177002,1.5586899518966675,1.736171841621399,1.736171841621399,1.736171841621399,1.736171841621399,0,0,0,0
0.0,0.0,0.622024655342102,0.0,0.0,0.0,0.0,0.0,0.0,-0.0,0.0,-0.7766715288162231,0.0,0.0,-1.3131654262542725,-0.11231943964958191,0.11059144139289856,-0.7896920442581177,-1.7556390762329102,0.6860125064849854,-0.5460452437400818,0.5235987901687622,0.872866690158844,0.8726646900177002,0.8726646900177002,0.8726646900177002,1.5602049827575684,1.7374356985092163,1.7374356985092163,1.7374356985092163,1.7374356985092163,0,0,0,0
0.0,0.0,0.622868537902832,0.0,0.0,0.0,0.0,0.0,0.0,-0.0,0.0,-0.7766715288162231,0.0,0.0,-1.3149471282958984,-0.11247186362743378,0.11074148118495941,-0.7907633781433105,-1.7580211162567139,0.6869432926177979,-0.5467861294746399,0.5235987901687622,0.8728669881820679,0.8726646900177002,0.8726646900177002,0.8726646900177002,1.561611294746399,1.738608956336975,1.738608956336975,1.738608956336975,1.738608956336975,0,0,0,0
0.0,0.0,0.6236467361450195,0.0,0.0,0.0,0.0,0.0,0.0,-0.0,0.0,-0.7766715288162231,0.0,0.0,-1.3165900707244873,-0.11261236667633057,0.11087985336780548,-0.791751503944397,-1.7602179050445557,0.6878015995025635,-0.5474693179130554,0.5235987901687622,0.872867226600647,0.8726646900177002,0.8726646900177002,0.8726646900177002,1.562908411026001,1.7396910190582275,1.7396910190582275,1.7396910190582275,1.7396910190582275,0,0,0,0
0.0,0.0,0.6243585348129272,0.0,0.0,0.0,0.0,0.0,0.0,-0.0,0.0,-0.7766715288162231,0.0,0.0,-1.3180925846099854,-0.1127409040927887,0.11100637912750244,-0.7926551103591919,-1.7622263431549072,0.6885864734649658,-0.5480941534042358,0.5235987901687622,0.8728674650192261,0.8726646900177002,0.8726646900177002,0.8726646900177002,1.5640944242477417,1.740680456161499,1.740680456161499,1.740680456161499,1.740680456161499,0,0,0,0
0.0,0.0,0.6250032186508179,0.0,0.0,0.0,0.0,0.0,0.0,-0.0,0.0,-0.7766715288162231,0.0,0.0,-1.319453477859497,-0.11285731196403503,0.1111210286617279,-0.7934736013412476,-1.7640464305877686,0.6892976760864258,-0.5486600399017334,0.5235987901687622,0.8728677034378052,0.8726646900177002,0.8726646900177002,0.8726646900177002,1.565168857574463,1.7415766716003418,1.7415766716003418,1.7415766716003418,1.7415766716003418,0,0,0,0
0.0,0.0,0.6255803108215332,0.0,0.0,0.0,0.0,0.0,0.0,-0.0,0.0,-0.7766715288162231,0.0,0.0,-1.3206720352172852,-0.1129615306854248,0.11122362315654755,-0.7942061424255371,-1.7656753063201904,0.6899340152740479,-0.5491666197776794,0.5235987901687622,0.8728678822517395,0.8726646900177002,0.8726646900177002,0.8726646900177002,1.5661307573318481,1.7423789501190186,1.7423789501190186,1.7423789501190186,1.7423789501190186,0,0,0,0
0.0,0.0,0.6260889768600464,0.0,0.0,0.0,0.0,0.0,0.0,-0.0,0.0,-0.7766715288162231,0.0,0.0,-1.3217458724975586,-0.1130533516407013,0.11131405830383301,-0.7948520183563232,-1.767110824584961,0.6904950141906738,-0.5496131181716919,0.5235987901687622,0.8728680610656738,0.8726646900177002,0.8726646900177002,0.8726646900177002,1.5669782161712646,1.7430860996246338,1.7430860996246338,1.7430860996246338,1.7430860996246338,0,0,0,0
0.0,0.0,0.6265287399291992,0.0,0.0,0.0,0.0,0.0,0.0,-0.0,0.0,-0.7766715288162231,0.0,0.0,-1.322674036026001,-0.11313275992870331,0.11139222979545593,-0.7954102754592896,-1.7683522701263428,0.6909799575805664,-0.5499992370605469,0.5235987901687622,0.8728681802749634,0.8726646900177002,0.8726646900177002,0.8726646900177002,1.5677112340927124,1.7436975240707397,1.7436975240707397,1.7436975240707397,1.7436975240707397,0,0,0,0
0.0,0.0,0.6268987655639648,0.0,0.0,0.0,0.0,0.0,0.0,-0.0,0.0,-0.7766715288162231,0.0,0.0,-1.3234553337097168,-0.11319959163665771,0.11145804822444916,-0.7958799600601196,-1.7693963050842285,0.6913881301879883,-0.5503240823745728,0.5235987901687622,0.8728682398796082,0.8726646900177002,0.8726646900177002,0.8726646900177002,1.5683276653289795,1.7442119121551514,1.7442119121551514,1.7442119121551514,1.7442119121551514,0,0,0,0
0.0,0.0,0.6271985769271851,0.0,0.0,0.0,0.0,0.0,0.0,-0.0,0.0,-0.7766715288162231,0.0,0.0,-1.3240883350372314,-0.11325371265411377,0.11151131987571716,-0.7962607145309448,-1.770242691040039,0.6917186975479126,-0.5505871772766113,0.5235987901687622,0.8728683590888977,0.8726646900177002,0.8726646900177002,0.8726646900177002,1.5688273906707764,1.7446287870407104,1.7446287870407104,1.7446287870407104,1.7446287870407104,0,0,0,0
0.0,0.0,0.627427339553833,0.0,0.0,0.0,0.0,0.0,0.0,-0.0,0.0,-0.7766715288162231,0.0,0.0,-1.3245713710784912,-0.1132950484752655,0.11155202984809875,-0.7965511083602905,-1.7708885669708252,0.6919710636138916,-0.5507880449295044,0.5235987901687622,0.8728684782981873,0.8726646900177002,0.8726646900177002,0.8726646900177002,1.569209098815918,1.744946837425232,1.744946837425232,1.744946837425232,1.744946837425232,0,0,0,0
0.0,0.0,0.62758469581604,0.0,0.0,0.0,0.0,0.0,0.0,-0.0,0.0,-0.7766715288162231,0.0,0.0,-1.3249034881591797,-0.11332345008850098,0.1115799993276596,-0.7967509031295776,-1.771332025527954,0.6921446323394775,-0.5509262084960938,0.5235987901687622,0.8728684782981873,0.8726646900177002,0.8726646900177002,0.8726646900177002,1.5694708824157715,1.7451655864715576,1.7451655864715576,1.7451655864715576,1.7451655864715576,0,0,0,0
0.0,0.0,0.6276696920394897,0.0,0.0,0.0,0.0,0.0,0.0,-0.0,0.0,-0.7766715288162231,0.0,0.0,-1.3250830173492432,-0.11333879828453064,0.11159509420394897,-0.7968589067459106,-1.7715723514556885,0.6922383308410645,-0.5510008335113525,0.5235987901687622,0.872868537902832,0.8726646900177002,0.8726646900177002,0.8726646900177002,1.5696125030517578,1.745283842086792,1.745283842086792,1.745283842086792,1.745283842086792,0,0,0,0
0.0,0.0,0.6276860237121582,0.0,0.0,0.0,0.0,0.0,0.0,-0.0,0.0,-0.7766715288162231,0.0,0.0,-1.3251173496246338,-0.11334174871444702,0.11159799993038177,-0.7968795299530029,-1.771618366241455,0.6922563314437866,-0.5510151386260986,0.5235987901687622,0.872868537902832,0.8726646900177002,0.8726646900177002,0.8726646900177002,1.5696396827697754,1.7453064918518066,1.7453064918518066,1.7453064918518066,1.7453064918518066,0,0,0,0
0.0,0.0,0.6276860237121582,0.0,0.0,0.0,0.0,0.0,0.0,-0.0,0.0,-0.7766715288162231,0.0,0.0,-1.3251173496246338,-0.11334174871444702,0.11159799993038177,-0.7968795299530029,-1.771618366241455,0.6922563314437866,-0.5510151386260986,0.5235987901687622,0.872868537902832,0.8726646900177002,0.8726646900177002,0.8726646900177002,1.5696396827697754,1.7453064918518066,1.7453064918518066,1.7453064918518066,1.7453064918518066,0,0,0,0
0.0,0.0,0.6276860237121582,0.0,0.0,0.0,0.0,0.0,0.0,-0.0,0.0,-0.7766715288162231,0.0,0.0,-1.3251173496246338,-0.11334174871444702,0.11159799993038177,-0.7968795299530029,-1.771618366241455,0.6922563314437866,-0.5510151386260986,0.5235987901687622,0.872868537902832,0.8726646900177002,0.8726646900177002,0.8726646900177002,1.5696396827697754,1.7453064918518066,1.7453064918518066,1.7453064918518066,1.7453064918518066,0,0,0,0
